10 10 10 10 10 10 10 10 10 10 10 10 10 10 10 10 10 10 10 10 10 10 10 10 10 10 10 10 10 10 10 10 10 10 10 10 10 10 10 10 10 10 10 10 10 10 10 10 10 10 
10 10 10 10 10 10 10 10 10 10 10 10 10 10 10 10 10 10 10 10 10 10 10 10 10 10 10 10 10 10 10 10 10 10 10 10 10 10 10 10 10 10 10 10 10 10 10 10 10 10 
10 10 10 10 10 10 10 10 10 10 10 10 10 10 10 10 10 10 10 10 10 10 10 10 10 10 10 10 10 10 10 10 10 10 10 10 10 10 10 10 10 10 10 10 10 10 10 10 10 10 
10 10 10 10 10 10 10 10 10 10 10 10 10 10 10 10 10 10 10 10 10 10 10 10 10 10 10 10 10 10 10 10 10 10 10 10 10 10 10 10 10 10 10 10 10 10 10 10 10 10 
10 10 10 10 10 10 10 10 10 10 10 10 10 10 10 10 10 10 10 10 10 10 10 10 10 10 10 10 10 10 10 10 10 10 10 10 10 10 10 10 10 10 10 10 10 10 10 10 10 10 
10 10 10 10 10 10 10 10 10 10 10 10 10 10 10 10 10 10 10 10 10 10 10 10 10 10 10 10 10 10 10 10 10 10 10 10 10 10 10 10 10 10 10 10 10 10 10 10 10 10 
10 10 10 10 10 10 10 10 10 10 10 10 10 10 10 10 10 10 10 10 10 10 10 10 10 10 10 10 10 10 10 10 10 10 10 10 10 10 10 10 10 10 10 10 10 10 10 10 10 10 
10 10 10 10 10 10 10 10 10 10 10 10 10 10 10 10 10 10 10 10 10 10 10 10 10 10 10 10 10 10 10 10 10 10 10 10 10 10 10 10 10 10 10 10 10 10 10 10 10 10 
10 10 10 10 10 10 10 10 10 10 10 10 10 10 10 10 10 10 10 10 10 10 10 10 10 10 10 10 10 10 10 10 10 10 10 10 10 10 10 10 10 10 10 10 10 10 10 10 10 10 
10 10 10 10 10 10 10 10 10 10 10 10 10 10 10 10 10 10 10 10 10 10 10 10 10 10 10 10 10 10 10 10 10 10 10 10 10 10 10 10 10 10 10 10 10 10 10 10 10 10 
10 10 10 10 10 10 10 10 10 10 10 10 10 10 10 10 10 10 10 10 10 10 10 10 10 10 10 10 10 10 10 10 10 10 10 10 10 10 10 10 10 10 10 10 10 10 10 10 10 10 
10 10 10 10 10 10 10 10 10 10 10 10 10 10 10 10 10 10 10 10 10 10 10 10 10 10 10 10 10 10 10 10 10 10 10 10 10 10 10 10 10 10 10 10 10 10 10 10 10 10 
10 10 10 10 10 10 10 10 10 10 10 10 10 10 10 10 10 10 10 10 10 10 10 10 10 10 10 10 10 10 10 10 10 10 10 10 10 10 10 10 10 10 10 10 10 10 10 10 10 10 
10 10 10 10 10 10 10 10 10 10 10 10 10 10 10 10 10 10 10 10 10 10 10 10 10 10 10 10 10 10 10 10 10 10 10 10 10 10 10 10 10 10 10 10 10 10 10 10 10 10 
10 10 10 10 10 10 10 10 10 10 10 10 10 10 10 10 10 10 10 10 10 10 10 10 10 10 10 10 10 10 10 10 10 10 10 10 10 10 10 10 10 10 10 10 10 10 10 10 10 10 
10 10 10 10 10 10 10 10 10 10 10 10 10 10 10 10 10 10 10 10 10 10 10 10 10 10 10 10 10 10 10 10 10 10 10 10 10 10 10 10 10 10 10 10 10 10 10 10 10 10 
10 10 10 10 10 10 10 10 10 10 10 10 10 10 10 10 10 10 10 10 10 10 10 10 10 10 10 10 10 10 10 10 10 10 10 10 10 10 10 10 10 10 10 10 10 10 10 10 10 10 
10 10 10 10 10 10 10 10 10 10 10 10 10 10 10 10 10 10 10 10 10 10 10 10 10 10 10 10 10 10 10 10 10 10 10 10 10 10 10 10 10 10 10 10 10 10 10 10 10 10 
10 10 10 10 10 10 10 10 10 10 10 10 10 10 10 10 10 10 10 10 10 10 10 10 10 10 10 10 10 10 10 10 10 10 10 10 10 10 10 10 10 10 10 10 10 10 10 10 10 10 
10 10 10 10 10 10 10 10 10 10 10 10 10 10 10 10 10 10 10 10 10 10 10 10 10 10 10 10 10 10 10 10 10 10 10 10 10 10 10 10 10 10 10 10 10 10 10 10 10 10 
10 10 10 10 10 10 10 10 10 10 10 10 10 10 10 10 10 10 10 10 10 10 10 10 10 10 10 10 10 10 10 10 10 10 10 10 10 10 10 10 10 10 10 10 10 10 10 10 10 10 
10 10 10 10 10 10 10 10 10 10 10 10 10 10 10 10 10 10 10 10 10 10 10 100 100 100 100 100 10 10 10 10 10 10 10 10 10 10 10 10 10 10 10 10 10 10 10 10 10 10 
10 10 10 10 10 10 10 10 10 10 10 10 10 10 10 10 10 10 10 10 10 10 100 100 100 100 100 100 100 10 10 10 10 10 10 10 10 10 10 10 10 10 10 10 10 10 10 10 10 10 
10 10 10 10 10 10 10 10 10 10 10 10 10 10 10 10 10 10 10 10 10 100 100 100 100 100 100 100 100 100 10 10 10 10 10 10 10 10 10 10 10 10 10 10 10 10 10 10 10 10 
10 10 10 10 10 10 10 10 10 10 10 10 10 10 10 10 10 10 10 10 10 100 100 100 100 100 100 100 100 100 10 10 10 10 10 10 10 10 10 10 10 10 10 10 10 10 10 10 10 10 
10 10 10 10 10 10 10 10 10 10 10 10 10 10 10 10 10 10 10 10 10 100 100 100 100 100 100 100 100 100 10 10 10 10 10 10 10 10 10 10 10 10 10 10 10 10 10 10 10 10 
10 10 10 10 10 10 10 10 10 10 10 10 10 10 10 10 10 10 10 10 10 100 100 100 100 100 100 100 100 100 10 10 10 10 10 10 10 10 10 10 10 10 10 10 10 10 10 10 10 10 
10 10 10 10 10 10 10 10 10 10 10 10 10 10 10 10 10 10 10 10 10 100 100 100 100 100 100 100 100 100 10 10 10 10 10 10 10 10 10 10 10 10 10 10 10 10 10 10 10 10 
10 10 10 10 10 10 10 10 10 10 10 10 10 10 10 10 10 10 10 10 10 10 100 100 100 100 100 100 100 10 10 10 10 10 10 10 10 10 10 10 10 10 10 10 10 10 10 10 10 10 
10 10 10 10 10 10 10 10 10 10 10 10 10 10 10 10 10 10 10 10 10 10 10 100 100 100 100 100 10 10 10 10 10 10 10 10 10 10 10 10 10 10 10 10 10 10 10 10 10 10 
10 10 10 10 10 10 10 10 10 10 10 10 10 10 10 10 10 10 10 10 10 10 10 10 10 10 10 10 10 10 10 10 10 10 10 10 10 10 10 10 10 10 10 10 10 10 10 10 10 10 
10 10 10 10 10 10 10 10 10 10 10 10 10 10 10 10 10 10 10 10 10 10 10 10 10 10 10 10 10 10 10 10 10 10 10 10 10 10 10 10 10 10 10 10 10 10 10 10 10 10 
10 10 10 10 10 10 10 10 10 10 10 10 10 10 10 10 10 10 10 10 10 10 10 10 10 10 10 10 10 10 10 10 10 10 10 10 10 10 10 10 10 10 10 10 10 10 10 10 10 10 
10 10 10 10 10 10 10 10 10 10 10 10 10 10 10 10 10 10 10 10 10 10 10 10 10 10 10 10 10 10 10 10 10 10 10 10 10 10 10 10 10 10 10 10 10 10 10 10 10 10 
10 10 10 10 10 10 10 10 10 10 10 10 10 10 10 10 10 10 10 10 10 10 10 10 10 10 10 10 10 10 10 10 10 10 10 10 10 10 10 10 10 10 10 10 10 10 10 10 10 10 
10 10 10 10 10 10 10 10 10 10 10 10 10 10 10 10 10 10 10 10 10 10 10 10 10 10 10 10 10 10 10 10 10 10 10 10 10 10 10 10 10 10 10 10 10 10 10 10 10 10 
10 10 10 10 10 10 10 10 10 10 10 10 10 10 10 10 10 10 10 10 10 10 10 10 10 10 10 10 10 10 10 10 10 10 10 10 10 10 10 10 10 10 10 10 10 10 10 10 10 10 
10 10 10 10 10 10 10 10 10 10 10 10 10 10 10 10 10 10 10 10 10 10 10 10 10 10 10 10 10 10 10 10 10 10 10 10 10 10 10 10 10 10 10 10 10 10 10 10 10 10 
10 10 10 10 10 10 10 10 10 10 10 10 10 10 10 10 10 10 10 10 10 10 10 10 10 10 10 10 10 10 10 10 10 10 10 10 10 10 10 10 10 10 10 10 10 10 10 10 10 10 
10 10 10 10 10 10 10 10 10 10 10 10 10 10 10 10 10 10 10 10 10 10 10 10 10 10 10 10 10 10 10 10 10 10 10 10 10 10 10 10 10 10 10 10 10 10 10 10 10 10 
10 10 10 10 10 10 10 10 10 10 10 10 10 10 10 10 10 10 10 10 10 10 10 10 10 10 10 10 10 10 10 10 10 10 10 10 10 10 10 10 10 10 10 10 10 10 10 10 10 10 
10 10 10 10 10 10 10 10 10 10 10 10 10 10 10 10 10 10 10 10 10 10 10 10 10 10 10 10 10 10 10 10 10 10 10 10 10 10 10 10 10 10 10 10 10 10 10 10 10 10 
10 10 10 10 10 10 10 10 10 10 10 10 10 10 10 10 10 10 10 10 10 10 10 10 10 10 10 10 10 10 10 10 10 10 10 10 10 10 10 10 10 10 10 10 10 10 10 10 10 10 
10 10 10 10 10 10 10 10 10 10 10 10 10 10 10 10 10 10 10 10 10 10 10 10 10 10 10 10 10 10 10 10 10 10 10 10 10 10 10 10 10 10 10 10 10 10 10 10 10 10 
10 10 10 10 10 10 10 10 10 10 10 10 10 10 10 10 10 10 10 10 10 10 10 10 10 10 10 10 10 10 10 10 10 10 10 10 10 10 10 10 10 10 10 10 10 10 10 10 10 10 
10 10 10 10 10 10 10 10 10 10 10 10 10 10 10 10 10 10 10 10 10 10 10 10 10 10 10 10 10 10 10 10 10 10 10 10 10 10 10 10 10 10 10 10 10 10 10 10 10 10 
10 10 10 10 10 10 10 10 10 10 10 10 10 10 10 10 10 10 10 10 10 10 10 10 10 10 10 10 10 10 10 10 10 10 10 10 10 10 10 10 10 10 10 10 10 10 10 10 10 10 
10 10 10 10 10 10 10 10 10 10 10 10 10 10 10 10 10 10 10 10 10 10 10 10 10 10 10 10 10 10 10 10 10 10 10 10 10 10 10 10 10 10 10 10 10 10 10 10 10 10 
10 10 10 10 10 10 10 10 10 10 10 10 10 10 10 10 10 10 10 10 10 10 10 10 10 10 10 10 10 10 10 10 10 10 10 10 10 10 10 10 10 10 10 10 10 10 10 10 10 10 
10 10 10 10 10 10 10 10 10 10 10 10 10 10 10 10 10 10 10 10 10 10 10 10 10 10 10 10 10 10 10 10 10 10 10 10 10 10 10 10 10 10 10 10 10 10 10 10 10 10 
57.4642 57.4406 57.4642 57.535 57.6518 57.813 58.0165 58.2594 58.5382 58.8488 59.1866 59.5465 59.9227 60.3092 60.6996 61.0872 61.4651 61.8265 62.1645 62.4728 62.7452 62.9763 63.1612 63.2962 63.3783 63.4059 63.3783 63.2962 63.1612 62.9763 62.7452 62.4728 62.1645 61.8265 61.4651 61.0872 60.6996 60.3092 59.9227 59.5465 59.1866 58.8488 58.5382 58.2594 58.0165 57.813 57.6518 57.535 57.4642 57.4406 
57.4406 57.417 57.4406 57.5109 57.627 57.7873 57.9896 58.2311 58.5081 58.8168 59.1524 59.5098 59.8834 60.2672 60.6546 61.0392 61.4142 61.7726 62.1078 62.4134 62.6834 62.9124 63.0956 63.2293 63.3107 63.338 63.3107 63.2293 63.0956 62.9124 62.6834 62.4134 62.1078 61.7726 61.4142 61.0392 60.6546 60.2672 59.8834 59.5098 59.1524 58.8168 58.5081 58.2311 57.9896 57.7873 57.627 57.5109 57.4406 57.417 
57.4642 57.4406 57.4642 57.535 57.6518 57.813 58.0165 58.2594 58.5382 58.8488 59.1866 59.5465 59.9227 60.3092 60.6996 61.0872 61.4651 61.8265 62.1645 62.4728 62.7452 62.9763 63.1612 63.2962 63.3783 63.4059 63.3783 63.2962 63.1612 62.9763 62.7452 62.4728 62.1645 61.8265 61.4651 61.0872 60.6996 60.3092 59.9227 59.5465 59.1866 58.8488 58.5382 58.2594 58.0165 57.813 57.6518 57.535 57.4642 57.4406 
57.535 57.5109 57.535 57.6069 57.7257 57.8898 58.0969 58.3442 58.6282 58.9447 59.2892 59.6563 60.0404 60.4352 60.8343 61.2309 61.6178 61.9881 62.3348 62.6511 62.9308 63.1682 63.3583 63.4971 63.5815 63.6099 63.5815 63.4971 63.3583 63.1682 62.9308 62.6511 62.3348 61.9881 61.6178 61.2309 60.8343 60.4352 60.0404 59.6563 59.2892 58.9447 58.6282 58.3442 58.0969 57.8898 57.7257 57.6069 57.535 57.5109 
57.6518 57.627 57.6518 57.7257 57.8479 58.0167 58.2298 58.4845 58.7771 59.1035 59.459 59.8384 60.2356 60.6445 61.0583 61.4699 61.8721 62.2574 62.6186 62.9486 63.2407 63.4888 63.6877 63.833 63.9215 63.9512 63.9215 63.833 63.6877 63.4888 63.2407 62.9486 62.6186 62.2574 61.8721 61.4699 61.0583 60.6445 60.2356 59.8384 59.459 59.1035 58.7771 58.4845 58.2298 58.0167 57.8479 57.7257 57.6518 57.627 
57.813 57.7873 57.813 57.8898 58.0167 58.1921 58.4137 58.6786 58.9834 59.3237 59.6948 60.0913 60.5072 60.936 61.3706 61.8036 62.2275 62.6344 63.0164 63.366 63.6759 63.9395 64.1511 64.3057 64.4 64.4316 64.4 64.3057 64.1511 63.9395 63.6759 63.366 63.0164 62.6344 62.2275 61.8036 61.3706 60.936 60.5072 60.0913 59.6948 59.3237 58.9834 58.6786 58.4137 58.1921 58.0167 57.8898 57.813 57.7873 
58.0165 57.9896 58.0165 58.0969 58.2298 58.4137 58.6462 58.9244 59.2448 59.6031 59.9944 60.4132 60.8533 61.308 61.7698 62.2311 62.6835 63.1188 63.5285 63.9042 64.2378 64.5221 64.7506 64.9178 65.0198 65.0541 65.0198 64.9178 64.7506 64.5221 64.2378 63.9042 63.5285 63.1188 62.6835 62.2311 61.7698 61.308 60.8533 60.4132 59.9944 59.6031 59.2448 58.9244 58.6462 58.4137 58.2298 58.0969 58.0165 57.9896 
58.2594 58.2311 58.2594 58.3442 58.4845 58.6786 58.9244 59.2188 59.5584 59.9387 60.355 60.8013 61.2715 61.7583 62.2542 62.7508 63.2393 63.7105 64.1553 64.5641 64.9282 65.239 65.4893 65.6728 65.7848 65.8224 65.7848 65.6728 65.4893 65.239 64.9282 64.5641 64.1553 63.7105 63.2393 62.7508 62.2542 61.7583 61.2715 60.8013 60.355 59.9387 59.5584 59.2188 58.9244 58.6786 58.4845 58.3442 58.2594 58.2311 
58.5382 58.5081 58.5382 58.6282 58.7771 58.9834 59.2448 59.5584 59.9206 60.3272 60.7731 61.2524 61.7586 62.2843 62.8214 63.361 63.8936 64.4091 64.8972 65.3473 65.7493 66.0935 66.3712 66.5751 66.6998 66.7417 66.6998 66.5751 66.3712 66.0935 65.7493 65.3473 64.8972 64.4091 63.8936 63.361 62.8214 62.2843 61.7586 61.2524 60.7731 60.3272 59.9206 59.5584 59.2448 58.9834 58.7771 58.6282 58.5382 58.5081 
58.8488 58.8168 58.8488 58.9447 59.1035 59.3237 59.6031 59.9387 60.3272 60.7641 61.2445 61.7623 62.3108 62.8824 63.4684 64.0593 64.6448 65.2138 65.7546 66.2553 66.704 67.0895 67.4012 67.6307 67.7711 67.8184 67.7711 67.6307 67.4012 67.0895 66.704 66.2553 65.7546 65.2138 64.6448 64.0593 63.4684 62.8824 62.3108 61.7623 61.2445 60.7641 60.3272 59.9387 59.6031 59.3237 59.1035 58.9447 58.8488 58.8168 
59.1866 59.1524 59.1866 59.2892 59.459 59.6948 59.9944 60.355 60.7731 61.2445 61.7641 62.3261 62.9234 63.5481 64.1912 64.8425 65.4908 66.1237 66.728 67.29 67.7958 68.2318 68.5858 68.8469 69.007 69.061 69.007 68.8469 68.5858 68.2318 67.7958 67.29 66.728 66.1237 65.4908 64.8425 64.1912 63.5481 62.9234 62.3261 61.7641 61.2445 60.7731 60.355 59.9944 59.6948 59.459 59.2892 59.1866 59.1524 
59.5465 59.5098 59.5465 59.6563 59.8384 60.0913 60.4132 60.8013 61.2524 61.7623 62.3261 62.9378 63.5905 64.2761 64.9851 65.7066 66.4285 67.137 67.8172 68.4532 69.0284 69.5267 69.9326 70.233 70.4176 70.4799 70.4176 70.233 69.9326 69.5267 69.0284 68.4532 67.8172 67.137 66.4285 65.7066 64.9851 64.2761 63.5905 62.9378 62.3261 61.7623 61.2524 60.8013 60.4132 60.0913 59.8384 59.6563 59.5465 59.5098 
59.9227 59.8834 59.9227 60.0404 60.2356 60.5072 60.8533 61.2715 61.7586 62.3108 62.9234 63.5905 64.3054 65.0597 65.8438 66.6462 67.4538 68.2514 69.0219 69.7469 70.4066 70.9812 71.4515 71.8008 72.0159 72.0886 72.0159 71.8008 71.4515 70.9812 70.4066 69.7469 69.0219 68.2514 67.4538 66.6462 65.8438 65.0597 64.3054 63.5905 62.9234 62.3108 61.7586 61.2715 60.8533 60.5072 60.2356 60.0404 59.9227 59.8834 
60.3092 60.2672 60.3092 60.4352 60.6445 60.936 61.308 61.7583 62.2843 62.8824 63.5481 64.2761 65.0597 65.8909 66.7597 67.6545 68.5612 69.463 70.3408 71.1728 71.9355 72.6041 73.1546 73.5651 73.8187 73.9045 73.8187 73.5651 73.1546 72.6041 71.9355 71.1728 70.3408 69.463 68.5612 67.6545 66.7597 65.8909 65.0597 64.2761 63.5481 62.8824 62.2843 61.7583 61.308 60.936 60.6445 60.4352 60.3092 60.2672 
60.6996 60.6546 60.6996 60.8343 61.0583 61.3706 61.7698 62.2542 62.8214 63.4684 64.1912 64.9851 65.8438 66.7597 67.7233 68.7226 69.7429 70.7661 71.7709 72.7319 73.6205 74.4059 75.0569 75.5449 75.8472 75.9496 75.8472 75.5449 75.0569 74.4059 73.6205 72.7319 71.7709 70.7661 69.7429 68.7226 67.7233 66.7597 65.8438 64.9851 64.1912 63.4684 62.8214 62.2542 61.7698 61.3706 61.0583 60.8343 60.6996 60.6546 
61.0872 61.0392 61.0872 61.2309 61.4699 61.8036 62.2311 62.7508 63.361 64.0593 64.8425 65.7066 66.6462 67.6545 68.7226 69.8388 70.9885 72.1525 73.3073 74.4237 75.4671 76.3987 77.1774 77.7645 78.1291 78.2526 78.1291 77.7645 77.1774 76.3987 75.4671 74.4237 73.3073 72.1525 70.9885 69.8388 68.7226 67.6545 66.6462 65.7066 64.8425 64.0593 63.361 62.7508 62.2311 61.8036 61.4699 61.2309 61.0872 61.0392 
61.4651 61.4142 61.4651 61.6178 61.8721 62.2275 62.6835 63.2393 63.8936 64.6448 65.4908 66.4285 67.4538 68.5612 69.7429 70.9885 72.2838 73.6098 74.9412 76.245 77.4799 78.5966 79.54 80.2558 80.7004 80.8507 80.7004 80.2558 79.54 78.5966 77.4799 76.245 74.9412 73.6098 72.2838 70.9885 69.7429 68.5612 67.4538 66.4285 65.4908 64.6448 63.8936 63.2393 62.6835 62.2275 61.8721 61.6178 61.4651 61.4142 
61.8265 61.7726 61.8265 61.9881 62.2574 62.6344 63.1188 63.7105 64.4091 65.2138 66.1237 67.137 68.2514 69.463 70.7661 72.1525 73.6098 75.1201 76.658 78.1877 79.6608 81.0151 82.1754 83.0621 83.6086 83.792 83.6086 83.0621 82.1754 81.0151 79.6608 78.1877 76.658 75.1201 73.6098 72.1525 70.7661 69.463 68.2514 67.137 66.1237 65.2138 64.4091 63.7105 63.1188 62.6344 62.2574 61.9881 61.8265 61.7726 
62.1645 62.1078 62.1645 62.3348 62.6186 63.0164 63.5285 64.1553 64.8972 65.7546 66.728 67.8172 69.0219 70.3408 71.7709 73.3073 74.9412 76.658 78.4346 80.2351 82.0056 83.6694 85.1241 86.2461 86.9163 87.1357 86.9163 86.2461 85.1241 83.6694 82.0056 80.2351 78.4346 76.658 74.9412 73.3073 71.7709 70.3408 69.0219 67.8172 66.728 65.7546 64.8972 64.1553 63.5285 63.0164 62.6186 62.3348 62.1645 62.1078 
62.4728 62.4134 62.4728 62.6511 62.9486 63.366 63.9042 64.5641 65.3473 66.2553 67.29 68.4532 69.7469 71.1728 72.7319 74.4237 76.245 78.1877 80.2351 82.3563 84.497 86.5689 88.4383 89.9122 90.7037 90.9468 90.7037 89.9122 88.4383 86.5689 84.497 82.3563 80.2351 78.1877 76.245 74.4237 72.7319 71.1728 69.7469 68.4532 67.29 66.2553 65.3473 64.5641 63.9042 63.366 62.9486 62.6511 62.4728 62.4134 
62.7452 62.6834 62.7452 62.9308 63.2407 63.6759 64.2378 64.9282 65.7493 66.704 67.7958 69.0284 70.4066 71.9355 73.6205 75.4671 77.4799 79.6608 82.0056 84.497 87.0916 89.7005 92.1734 94.2833 95.06 95.2641 95.06 94.2833 92.1734 89.7005 87.0916 84.497 82.0056 79.6608 77.4799 75.4671 73.6205 71.9355 70.4066 69.0284 67.7958 66.704 65.7493 64.9282 64.2378 63.6759 63.2407 62.9308 62.7452 62.6834 
62.9763 62.9124 62.9763 63.1682 63.4888 63.9395 64.5221 65.239 66.0935 67.0895 68.2318 69.5267 70.9812 72.6041 74.4059 76.3987 78.5966 81.0151 83.6694 86.5689 89.7005 92.9909 96.289 100 100 100 100 100 96.289 92.9909 89.7005 86.5689 83.6694 81.0151 78.5966 76.3987 74.4059 72.6041 70.9812 69.5267 68.2318 67.0895 66.0935 65.239 64.5221 63.9395 63.4888 63.1682 62.9763 62.9124 
63.1612 63.0956 63.1612 63.3583 63.6877 64.1511 64.7506 65.4893 66.3712 67.4012 68.5858 69.9326 71.4515 73.1546 75.0569 77.1774 79.54 82.1754 85.1241 88.4383 92.1734 96.289 100 100 100 100 100 100 100 96.289 92.1734 88.4383 85.1241 82.1754 79.54 77.1774 75.0569 73.1546 71.4515 69.9326 68.5858 67.4012 66.3712 65.4893 64.7506 64.1511 63.6877 63.3583 63.1612 63.0956 
63.2962 63.2293 63.2962 63.4971 63.833 64.3057 64.9178 65.6728 66.5751 67.6307 68.8469 70.233 71.8008 73.5651 75.5449 77.7645 80.2558 83.0621 86.2461 89.9122 94.2833 100 100 100 100 100 100 100 100 100 94.2833 89.9122 86.2461 83.0621 80.2558 77.7645 75.5449 73.5651 71.8008 70.233 68.8469 67.6307 66.5751 65.6728 64.9178 64.3057 63.833 63.4971 63.2962 63.2293 
63.3783 63.3107 63.3783 63.5815 63.9215 64.4 65.0198 65.7848 66.6998 67.7711 69.007 70.4176 72.0159 73.8187 75.8472 78.1291 80.7004 83.6086 86.9163 90.7037 95.06 100 100 100 100 100 100 100 100 100 95.06 90.7037 86.9163 83.6086 80.7004 78.1291 75.8472 73.8187 72.0159 70.4176 69.007 67.7711 66.6998 65.7848 65.0198 64.4 63.9215 63.5815 63.3783 63.3107 
63.4059 63.338 63.4059 63.6099 63.9512 64.4316 65.0541 65.8224 66.7417 67.8184 69.061 70.4799 72.0886 73.9045 75.9496 78.2526 80.8507 83.792 87.1357 90.9468 95.2641 100 100 100 100 100 100 100 100 100 95.2641 90.9468 87.1357 83.792 80.8507 78.2526 75.9496 73.9045 72.0886 70.4799 69.061 67.8184 66.7417 65.8224 65.0541 64.4316 63.9512 63.6099 63.4059 63.338 
63.3783 63.3107 63.3783 63.5815 63.9215 64.4 65.0198 65.7848 66.6998 67.7711 69.007 70.4176 72.0159 73.8187 75.8472 78.1291 80.7004 83.6086 86.9163 90.7037 95.06 100 100 100 100 100 100 100 100 100 95.06 90.7037 86.9163 83.6086 80.7004 78.1291 75.8472 73.8187 72.0159 70.4176 69.007 67.7711 66.6998 65.7848 65.0198 64.4 63.9215 63.5815 63.3783 63.3107 
63.2962 63.2293 63.2962 63.4971 63.833 64.3057 64.9178 65.6728 66.5751 67.6307 68.8469 70.233 71.8008 73.5651 75.5449 77.7645 80.2558 83.0621 86.2461 89.9122 94.2833 100 100 100 100 100 100 100 100 100 94.2833 89.9122 86.2461 83.0621 80.2558 77.7645 75.5449 73.5651 71.8008 70.233 68.8469 67.6307 66.5751 65.6728 64.9178 64.3057 63.833 63.4971 63.2962 63.2293 
63.1612 63.0956 63.1612 63.3583 63.6877 64.1511 64.7506 65.4893 66.3712 67.4012 68.5858 69.9326 71.4515 73.1546 75.0569 77.1774 79.54 82.1754 85.1241 88.4383 92.1734 96.289 100 100 100 100 100 100 100 96.289 92.1734 88.4383 85.1241 82.1754 79.54 77.1774 75.0569 73.1546 71.4515 69.9326 68.5858 67.4012 66.3712 65.4893 64.7506 64.1511 63.6877 63.3583 63.1612 63.0956 
62.9763 62.9124 62.9763 63.1682 63.4888 63.9395 64.5221 65.239 66.0935 67.0895 68.2318 69.5267 70.9812 72.6041 74.4059 76.3987 78.5966 81.0151 83.6694 86.5689 89.7005 92.9909 96.289 100 100 100 100 100 96.289 92.9909 89.7005 86.5689 83.6694 81.0151 78.5966 76.3987 74.4059 72.6041 70.9812 69.5267 68.2318 67.0895 66.0935 65.239 64.5221 63.9395 63.4888 63.1682 62.9763 62.9124 
62.7452 62.6834 62.7452 62.9308 63.2407 63.6759 64.2378 64.9282 65.7493 66.704 67.7958 69.0284 70.4066 71.9355 73.6205 75.4671 77.4799 79.6608 82.0056 84.497 87.0916 89.7005 92.1734 94.2833 95.06 95.2641 95.06 94.2833 92.1734 89.7005 87.0916 84.497 82.0056 79.6608 77.4799 75.4671 73.6205 71.9355 70.4066 69.0284 67.7958 66.704 65.7493 64.9282 64.2378 63.6759 63.2407 62.9308 62.7452 62.6834 
62.4728 62.4134 62.4728 62.6511 62.9486 63.366 63.9042 64.5641 65.3473 66.2553 67.29 68.4532 69.7469 71.1728 72.7319 74.4237 76.245 78.1877 80.2351 82.3563 84.497 86.5689 88.4383 89.9122 90.7037 90.9468 90.7037 89.9122 88.4383 86.5689 84.497 82.3563 80.2351 78.1877 76.245 74.4237 72.7319 71.1728 69.7469 68.4532 67.29 66.2553 65.3473 64.5641 63.9042 63.366 62.9486 62.6511 62.4728 62.4134 
62.1645 62.1078 62.1645 62.3348 62.6186 63.0164 63.5285 64.1553 64.8972 65.7546 66.728 67.8172 69.0219 70.3408 71.7709 73.3073 74.9412 76.658 78.4346 80.2351 82.0056 83.6694 85.1241 86.2461 86.9163 87.1357 86.9163 86.2461 85.1241 83.6694 82.0056 80.2351 78.4346 76.658 74.9412 73.3073 71.7709 70.3408 69.0219 67.8172 66.728 65.7546 64.8972 64.1553 63.5285 63.0164 62.6186 62.3348 62.1645 62.1078 
61.8265 61.7726 61.8265 61.9881 62.2574 62.6344 63.1188 63.7105 64.4091 65.2138 66.1237 67.137 68.2514 69.463 70.7661 72.1525 73.6098 75.1201 76.658 78.1877 79.6608 81.0151 82.1754 83.0621 83.6086 83.792 83.6086 83.0621 82.1754 81.0151 79.6608 78.1877 76.658 75.1201 73.6098 72.1525 70.7661 69.463 68.2514 67.137 66.1237 65.2138 64.4091 63.7105 63.1188 62.6344 62.2574 61.9881 61.8265 61.7726 
61.4651 61.4142 61.4651 61.6178 61.8721 62.2275 62.6835 63.2393 63.8936 64.6448 65.4908 66.4285 67.4538 68.5612 69.7429 70.9885 72.2838 73.6098 74.9412 76.245 77.4799 78.5966 79.54 80.2558 80.7004 80.8507 80.7004 80.2558 79.54 78.5966 77.4799 76.245 74.9412 73.6098 72.2838 70.9885 69.7429 68.5612 67.4538 66.4285 65.4908 64.6448 63.8936 63.2393 62.6835 62.2275 61.8721 61.6178 61.4651 61.4142 
61.0872 61.0392 61.0872 61.2309 61.4699 61.8036 62.2311 62.7508 63.361 64.0593 64.8425 65.7066 66.6462 67.6545 68.7226 69.8388 70.9885 72.1525 73.3073 74.4237 75.4671 76.3987 77.1774 77.7645 78.1291 78.2526 78.1291 77.7645 77.1774 76.3987 75.4671 74.4237 73.3073 72.1525 70.9885 69.8388 68.7226 67.6545 66.6462 65.7066 64.8425 64.0593 63.361 62.7508 62.2311 61.8036 61.4699 61.2309 61.0872 61.0392 
60.6996 60.6546 60.6996 60.8343 61.0583 61.3706 61.7698 62.2542 62.8214 63.4684 64.1912 64.9851 65.8438 66.7597 67.7233 68.7226 69.7429 70.7661 71.7709 72.7319 73.6205 74.4059 75.0569 75.5449 75.8472 75.9496 75.8472 75.5449 75.0569 74.4059 73.6205 72.7319 71.7709 70.7661 69.7429 68.7226 67.7233 66.7597 65.8438 64.9851 64.1912 63.4684 62.8214 62.2542 61.7698 61.3706 61.0583 60.8343 60.6996 60.6546 
60.3092 60.2672 60.3092 60.4352 60.6445 60.936 61.308 61.7583 62.2843 62.8824 63.5481 64.2761 65.0597 65.8909 66.7597 67.6545 68.5612 69.463 70.3408 71.1728 71.9355 72.6041 73.1546 73.5651 73.8187 73.9045 73.8187 73.5651 73.1546 72.6041 71.9355 71.1728 70.3408 69.463 68.5612 67.6545 66.7597 65.8909 65.0597 64.2761 63.5481 62.8824 62.2843 61.7583 61.308 60.936 60.6445 60.4352 60.3092 60.2672 
59.9227 59.8834 59.9227 60.0404 60.2356 60.5072 60.8533 61.2715 61.7586 62.3108 62.9234 63.5905 64.3054 65.0597 65.8438 66.6462 67.4538 68.2514 69.0219 69.7469 70.4066 70.9812 71.4515 71.8008 72.0159 72.0886 72.0159 71.8008 71.4515 70.9812 70.4066 69.7469 69.0219 68.2514 67.4538 66.6462 65.8438 65.0597 64.3054 63.5905 62.9234 62.3108 61.7586 61.2715 60.8533 60.5072 60.2356 60.0404 59.9227 59.8834 
59.5465 59.5098 59.5465 59.6563 59.8384 60.0913 60.4132 60.8013 61.2524 61.7623 62.3261 62.9378 63.5905 64.2761 64.9851 65.7066 66.4285 67.137 67.8172 68.4532 69.0284 69.5267 69.9326 70.233 70.4176 70.4799 70.4176 70.233 69.9326 69.5267 69.0284 68.4532 67.8172 67.137 66.4285 65.7066 64.9851 64.2761 63.5905 62.9378 62.3261 61.7623 61.2524 60.8013 60.4132 60.0913 59.8384 59.6563 59.5465 59.5098 
59.1866 59.1524 59.1866 59.2892 59.459 59.6948 59.9944 60.355 60.7731 61.2445 61.7641 62.3261 62.9234 63.5481 64.1912 64.8425 65.4908 66.1237 66.728 67.29 67.7958 68.2318 68.5858 68.8469 69.007 69.061 69.007 68.8469 68.5858 68.2318 67.7958 67.29 66.728 66.1237 65.4908 64.8425 64.1912 63.5481 62.9234 62.3261 61.7641 61.2445 60.7731 60.355 59.9944 59.6948 59.459 59.2892 59.1866 59.1524 
58.8488 58.8168 58.8488 58.9447 59.1035 59.3237 59.6031 59.9387 60.3272 60.7641 61.2445 61.7623 62.3108 62.8824 63.4684 64.0593 64.6448 65.2138 65.7546 66.2553 66.704 67.0895 67.4012 67.6307 67.7711 67.8184 67.7711 67.6307 67.4012 67.0895 66.704 66.2553 65.7546 65.2138 64.6448 64.0593 63.4684 62.8824 62.3108 61.7623 61.2445 60.7641 60.3272 59.9387 59.6031 59.3237 59.1035 58.9447 58.8488 58.8168 
58.5382 58.5081 58.5382 58.6282 58.7771 58.9834 59.2448 59.5584 59.9206 60.3272 60.7731 61.2524 61.7586 62.2843 62.8214 63.361 63.8936 64.4091 64.8972 65.3473 65.7493 66.0935 66.3712 66.5751 66.6998 66.7417 66.6998 66.5751 66.3712 66.0935 65.7493 65.3473 64.8972 64.4091 63.8936 63.361 62.8214 62.2843 61.7586 61.2524 60.7731 60.3272 59.9206 59.5584 59.2448 58.9834 58.7771 58.6282 58.5382 58.5081 
58.2594 58.2311 58.2594 58.3442 58.4845 58.6786 58.9244 59.2188 59.5584 59.9387 60.355 60.8013 61.2715 61.7583 62.2542 62.7508 63.2393 63.7105 64.1553 64.5641 64.9282 65.239 65.4893 65.6728 65.7848 65.8224 65.7848 65.6728 65.4893 65.239 64.9282 64.5641 64.1553 63.7105 63.2393 62.7508 62.2542 61.7583 61.2715 60.8013 60.355 59.9387 59.5584 59.2188 58.9244 58.6786 58.4845 58.3442 58.2594 58.2311 
58.0165 57.9896 58.0165 58.0969 58.2298 58.4137 58.6462 58.9244 59.2448 59.6031 59.9944 60.4132 60.8533 61.308 61.7698 62.2311 62.6835 63.1188 63.5285 63.9042 64.2378 64.5221 64.7506 64.9178 65.0198 65.0541 65.0198 64.9178 64.7506 64.5221 64.2378 63.9042 63.5285 63.1188 62.6835 62.2311 61.7698 61.308 60.8533 60.4132 59.9944 59.6031 59.2448 58.9244 58.6462 58.4137 58.2298 58.0969 58.0165 57.9896 
57.813 57.7873 57.813 57.8898 58.0167 58.1921 58.4137 58.6786 58.9834 59.3237 59.6948 60.0913 60.5072 60.936 61.3706 61.8036 62.2275 62.6344 63.0164 63.366 63.6759 63.9395 64.1511 64.3057 64.4 64.4316 64.4 64.3057 64.1511 63.9395 63.6759 63.366 63.0164 62.6344 62.2275 61.8036 61.3706 60.936 60.5072 60.0913 59.6948 59.3237 58.9834 58.6786 58.4137 58.1921 58.0167 57.8898 57.813 57.7873 
57.6518 57.627 57.6518 57.7257 57.8479 58.0167 58.2298 58.4845 58.7771 59.1035 59.459 59.8384 60.2356 60.6445 61.0583 61.4699 61.8721 62.2574 62.6186 62.9486 63.2407 63.4888 63.6877 63.833 63.9215 63.9512 63.9215 63.833 63.6877 63.4888 63.2407 62.9486 62.6186 62.2574 61.8721 61.4699 61.0583 60.6445 60.2356 59.8384 59.459 59.1035 58.7771 58.4845 58.2298 58.0167 57.8479 57.7257 57.6518 57.627 
57.535 57.5109 57.535 57.6069 57.7257 57.8898 58.0969 58.3442 58.6282 58.9447 59.2892 59.6563 60.0404 60.4352 60.8343 61.2309 61.6178 61.9881 62.3348 62.6511 62.9308 63.1682 63.3583 63.4971 63.5815 63.6099 63.5815 63.4971 63.3583 63.1682 62.9308 62.6511 62.3348 61.9881 61.6178 61.2309 60.8343 60.4352 60.0404 59.6563 59.2892 58.9447 58.6282 58.3442 58.0969 57.8898 57.7257 57.6069 57.535 57.5109 
57.4642 57.4406 57.4642 57.535 57.6518 57.813 58.0165 58.2594 58.5382 58.8488 59.1866 59.5465 59.9227 60.3092 60.6996 61.0872 61.4651 61.8265 62.1645 62.4728 62.7452 62.9763 63.1612 63.2962 63.3783 63.4059 63.3783 63.2962 63.1612 62.9763 62.7452 62.4728 62.1645 61.8265 61.4651 61.0872 60.6996 60.3092 59.9227 59.5465 59.1866 58.8488 58.5382 58.2594 58.0165 57.813 57.6518 57.535 57.4642 57.4406 
57.4406 57.417 57.4406 57.5109 57.627 57.7873 57.9896 58.2311 58.5081 58.8168 59.1524 59.5098 59.8834 60.2672 60.6546 61.0392 61.4142 61.7726 62.1078 62.4134 62.6834 62.9124 63.0956 63.2293 63.3107 63.338 63.3107 63.2293 63.0956 62.9124 62.6834 62.4134 62.1078 61.7726 61.4142 61.0392 60.6546 60.2672 59.8834 59.5098 59.1524 58.8168 58.5081 58.2311 57.9896 57.7873 57.627 57.5109 57.4406 57.417 
83.6226 83.6135 83.6226 83.6498 83.6948 83.7569 83.8353 83.9288 84.0362 84.1558 84.2859 84.4245 84.5693 84.7182 84.8685 85.0178 85.1633 85.3024 85.4326 85.5513 85.6562 85.7452 85.8164 85.8684 85.9001 85.9107 85.9001 85.8684 85.8164 85.7452 85.6562 85.5513 85.4326 85.3024 85.1633 85.0178 84.8685 84.7182 84.5693 84.4245 84.2859 84.1558 84.0362 83.9288 83.8353 83.7569 83.6948 83.6498 83.6226 83.6135 
83.6135 83.6044 83.6135 83.6406 83.6853 83.747 83.8249 83.9179 84.0246 84.1434 84.2727 84.4103 84.5542 84.702 84.8512 84.9993 85.1437 85.2817 85.4108 85.5285 85.6325 85.7206 85.7912 85.8427 85.874 85.8845 85.874 85.8427 85.7912 85.7206 85.6325 85.5285 85.4108 85.2817 85.1437 84.9993 84.8512 84.702 84.5542 84.4103 84.2727 84.1434 84.0246 83.9179 83.8249 83.747 83.6853 83.6406 83.6135 83.6044 
83.6226 83.6135 83.6226 83.6498 83.6948 83.7569 83.8353 83.9288 84.0362 84.1558 84.2859 84.4245 84.5693 84.7182 84.8685 85.0178 85.1633 85.3024 85.4326 85.5513 85.6562 85.7452 85.8164 85.8684 85.9001 85.9107 85.9001 85.8684 85.8164 85.7452 85.6562 85.5513 85.4326 85.3024 85.1633 85.0178 84.8685 84.7182 84.5693 84.4245 84.2859 84.1558 84.0362 83.9288 83.8353 83.7569 83.6948 83.6498 83.6226 83.6135 
83.6498 83.6406 83.6498 83.6775 83.7233 83.7865 83.8662 83.9615 84.0708 84.1927 84.3254 84.4667 84.6146 84.7667 84.9204 85.0731 85.2221 85.3647 85.4982 85.62 85.7277 85.8191 85.8923 85.9458 85.9783 85.9892 85.9783 85.9458 85.8923 85.8191 85.7277 85.62 85.4982 85.3647 85.2221 85.0731 84.9204 84.7667 84.6146 84.4667 84.3254 84.1927 84.0708 83.9615 83.8662 83.7865 83.7233 83.6775 83.6498 83.6406 
83.6948 83.6853 83.6948 83.7233 83.7703 83.8353 83.9174 84.0155 84.1282 84.2539 84.3908 84.5368 84.6898 84.8473 85.0066 85.1651 85.32 85.4684 85.6075 85.7345 85.847 85.9426 86.0192 86.0751 86.1092 86.1206 86.1092 86.0751 86.0192 85.9426 85.847 85.7345 85.6075 85.4684 85.32 85.1651 85.0066 84.8473 84.6898 84.5368 84.3908 84.2539 84.1282 84.0155 83.9174 83.8353 83.7703 83.7233 83.6948 83.6853 
83.7569 83.747 83.7569 83.7865 83.8353 83.9029 83.9882 84.0902 84.2076 84.3386 84.4816 84.6342 84.7944 84.9595 85.1269 85.2936 85.4568 85.6135 85.7606 85.8953 86.0146 86.1161 86.1976 86.2571 86.2934 86.3056 86.2934 86.2571 86.1976 86.1161 86.0146 85.8953 85.7606 85.6135 85.4568 85.2936 85.1269 84.9595 84.7944 84.6342 84.4816 84.3386 84.2076 84.0902 83.9882 83.9029 83.8353 83.7865 83.7569 83.747 
83.8353 83.8249 83.8353 83.8662 83.9174 83.9882 84.0777 84.1849 84.3082 84.4462 84.5969 84.7582 84.9277 85.1027 85.2806 85.4582 85.6324 85.8001 85.9578 86.1025 86.2309 86.3404 86.4284 86.4928 86.5321 86.5453 86.5321 86.4928 86.4284 86.3404 86.2309 86.1025 85.9578 85.8001 85.6324 85.4582 85.2806 85.1027 84.9277 84.7582 84.5969 84.4462 84.3082 84.1849 84.0777 83.9882 83.9174 83.8662 83.8353 83.8249 
83.9288 83.9179 83.9288 83.9615 84.0155 84.0902 84.1849 84.2983 84.429 84.5755 84.7357 84.9076 85.0887 85.2762 85.4671 85.6583 85.8464 86.0279 86.1991 86.3566 86.4967 86.6164 86.7128 86.7835 86.8266 86.8411 86.8266 86.7835 86.7128 86.6164 86.4967 86.3566 86.1991 86.0279 85.8464 85.6583 85.4671 85.2762 85.0887 84.9076 84.7357 84.5755 84.429 84.2983 84.1849 84.0902 84.0155 83.9615 83.9288 83.9179 
84.0362 84.0246 84.0362 84.0708 84.1282 84.2076 84.3082 84.429 84.5685 84.7251 84.8967 85.0813 85.2762 85.4787 85.6855 85.8933 86.0983 86.2968 86.4848 86.6581 86.8129 86.9454 87.0524 87.1309 87.1789 87.195 87.1789 87.1309 87.0524 86.9454 86.8129 86.6581 86.4848 86.2968 86.0983 85.8933 85.6855 85.4787 85.2762 85.0813 84.8967 84.7251 84.5685 84.429 84.3082 84.2076 84.1282 84.0708 84.0362 84.0246 
84.1558 84.1434 84.1558 84.1927 84.2539 84.3386 84.4462 84.5755 84.7251 84.8933 85.0783 85.2777 85.4889 85.709 85.9346 86.1621 86.3876 86.6067 86.8149 87.0077 87.1805 87.3289 87.4489 87.5373 87.5914 87.6096 87.5914 87.5373 87.4489 87.3289 87.1805 87.0077 86.8149 86.6067 86.3876 86.1621 85.9346 85.709 85.4889 85.2777 85.0783 84.8933 84.7251 84.5755 84.4462 84.3386 84.2539 84.1927 84.1558 84.1434 
84.2859 84.2727 84.2859 84.3254 84.3908 84.4816 84.5969 84.7357 84.8967 85.0783 85.2784 85.4947 85.7247 85.9653 86.2129 86.4637 86.7133 86.957 87.1897 87.4061 87.6008 87.7687 87.905 88.0056 88.0672 88.088 88.0672 88.0056 87.905 87.7687 87.6008 87.4061 87.1897 86.957 86.7133 86.4637 86.2129 85.9653 85.7247 85.4947 85.2784 85.0783 84.8967 84.7357 84.5969 84.4816 84.3908 84.3254 84.2859 84.2727 
84.4245 84.4103 84.4245 84.4667 84.5368 84.6342 84.7582 84.9076 85.0813 85.2777 85.4947 85.7303 85.9816 86.2456 86.5186 86.7964 87.0744 87.3472 87.6091 87.8539 88.0754 88.2673 88.4236 88.5392 88.6103 88.6343 88.6103 88.5392 88.4236 88.2673 88.0754 87.8539 87.6091 87.3472 87.0744 86.7964 86.5186 86.2456 85.9816 85.7303 85.4947 85.2777 85.0813 84.9076 84.7582 84.6342 84.5368 84.4667 84.4245 84.4103 
84.5693 84.5542 84.5693 84.6146 84.6898 84.7944 84.9277 85.0887 85.2762 85.4889 85.7247 85.9816 86.2569 86.5473 86.8492 87.1582 87.4691 87.7762 88.0729 88.3521 88.6061 88.8273 89.0084 89.1429 89.2257 89.2537 89.2257 89.1429 89.0084 88.8273 88.6061 88.3521 88.0729 87.7762 87.4691 87.1582 86.8492 86.5473 86.2569 85.9816 85.7247 85.4889 85.2762 85.0887 84.9277 84.7944 84.6898 84.6146 84.5693 84.5542 
84.7182 84.702 84.7182 84.7667 84.8473 84.9595 85.1027 85.2762 85.4787 85.709 85.9653 86.2456 86.5473 86.8673 87.2019 87.5464 87.8955 88.2427 88.5807 88.9011 89.1947 89.4522 89.6641 89.8222 89.9198 89.9528 89.9198 89.8222 89.6641 89.4522 89.1947 88.9011 88.5807 88.2427 87.8955 87.5464 87.2019 86.8673 86.5473 86.2456 85.9653 85.709 85.4787 85.2762 85.1027 84.9595 84.8473 84.7667 84.7182 84.702 
84.8685 84.8512 84.8685 84.9204 85.0066 85.1269 85.2806 85.4671 85.6855 85.9346 86.2129 86.5186 86.8492 87.2019 87.5729 87.9576 88.3505 88.7445 89.1313 89.5013 89.8435 90.1459 90.3965 90.5844 90.7008 90.7402 90.7008 90.5844 90.3965 90.1459 89.8435 89.5013 89.1313 88.7445 88.3505 87.9576 87.5729 87.2019 86.8492 86.5186 86.2129 85.9346 85.6855 85.4671 85.2806 85.1269 85.0066 84.9204 84.8685 84.8512 
85.0178 84.9993 85.0178 85.0731 85.1651 85.2936 85.4582 85.6583 85.8933 86.1621 86.4637 86.7964 87.1582 87.5464 87.9576 88.3874 88.8301 89.2783 89.7229 90.1527 90.5545 90.9131 91.2129 91.439 91.5794 91.6269 91.5794 91.439 91.2129 90.9131 90.5545 90.1527 89.7229 89.2783 88.8301 88.3874 87.9576 87.5464 87.1582 86.7964 86.4637 86.1621 85.8933 85.6583 85.4582 85.2936 85.1651 85.0731 85.0178 84.9993 
85.1633 85.1437 85.1633 85.2221 85.32 85.4568 85.6324 85.8464 86.0983 86.3876 86.7133 87.0744 87.4691 87.8955 88.3505 88.8301 89.3288 89.8393 90.3519 90.8539 91.3294 91.7594 92.1226 92.3982 92.5694 92.6272 92.5694 92.3982 92.1226 91.7594 91.3294 90.8539 90.3519 89.8393 89.3288 88.8301 88.3505 87.8955 87.4691 87.0744 86.7133 86.3876 86.0983 85.8464 85.6324 85.4568 85.32 85.2221 85.1633 85.1437 
85.3024 85.2817 85.3024 85.3647 85.4684 85.6135 85.8001 86.0279 86.2968 86.6067 86.957 87.3472 87.7762 88.2427 88.7445 89.2783 89.8393 90.4208 91.013 91.6019 92.1691 92.6905 93.1373 93.4787 93.6891 93.7597 93.6891 93.4787 93.1373 92.6905 92.1691 91.6019 91.013 90.4208 89.8393 89.2783 88.7445 88.2427 87.7762 87.3472 86.957 86.6067 86.2968 86.0279 85.8001 85.6135 85.4684 85.3647 85.3024 85.2817 
85.4326 85.4108 85.4326 85.4982 85.6075 85.7606 85.9578 86.1991 86.4848 86.8149 87.1897 87.6091 88.0729 88.5807 89.1313 89.7229 90.3519 91.013 91.697 92.3902 93.0719 93.7125 94.2725 94.7045 94.9626 95.0471 94.9626 94.7045 94.2725 93.7125 93.0719 92.3902 91.697 91.013 90.3519 89.7229 89.1313 88.5807 88.0729 87.6091 87.1897 86.8149 86.4848 86.1991 85.9578 85.7606 85.6075 85.4982 85.4326 85.4108 
85.5513 85.5285 85.5513 85.62 85.7345 85.8953 86.1025 86.3566 86.6581 87.0077 87.4061 87.8539 88.3521 88.9011 89.5013 90.1527 90.8539 91.6019 92.3902 93.2069 94.0311 94.8288 95.5486 96.1161 96.4208 96.5144 96.4208 96.1161 95.5486 94.8288 94.0311 93.2069 92.3902 91.6019 90.8539 90.1527 89.5013 88.9011 88.3521 87.8539 87.4061 87.0077 86.6581 86.3566 86.1025 85.8953 85.7345 85.62 85.5513 85.5285 
85.6562 85.6325 85.6562 85.7277 85.847 86.0146 86.2309 86.4967 86.8129 87.1805 87.6008 88.0754 88.6061 89.1947 89.8435 90.5545 91.3294 92.1691 93.0719 94.0311 95.0301 96.0345 96.9867 97.799 98.098 98.1766 98.098 97.799 96.9867 96.0345 95.0301 94.0311 93.0719 92.1691 91.3294 90.5545 89.8435 89.1947 88.6061 88.0754 87.6008 87.1805 86.8129 86.4967 86.2309 86.0146 85.847 85.7277 85.6562 85.6325 
85.7452 85.7206 85.7452 85.8191 85.9426 86.1161 86.3404 86.6164 86.9454 87.3289 87.7687 88.2673 88.8273 89.4522 90.1459 90.9131 91.7594 92.6905 93.7125 94.8288 96.0345 97.3014 98.5712 100 100 100 100 100 98.5712 97.3014 96.0345 94.8288 93.7125 92.6905 91.7594 90.9131 90.1459 89.4522 88.8273 88.2673 87.7687 87.3289 86.9454 86.6164 86.3404 86.1161 85.9426 85.8191 85.7452 85.7206 
85.8164 85.7912 85.8164 85.8923 86.0192 86.1976 86.4284 86.7128 87.0524 87.4489 87.905 88.4236 89.0084 89.6641 90.3965 91.2129 92.1226 93.1373 94.2725 95.5486 96.9867 98.5712 100 100 100 100 100 100 100 98.5712 96.9867 95.5486 94.2725 93.1373 92.1226 91.2129 90.3965 89.6641 89.0084 88.4236 87.905 87.4489 87.0524 86.7128 86.4284 86.1976 86.0192 85.8923 85.8164 85.7912 
85.8684 85.8427 85.8684 85.9458 86.0751 86.2571 86.4928 86.7835 87.1309 87.5373 88.0056 88.5392 89.1429 89.8222 90.5844 91.439 92.3982 93.4787 94.7045 96.1161 97.799 100 100 100 100 100 100 100 100 100 97.799 96.1161 94.7045 93.4787 92.3982 91.439 90.5844 89.8222 89.1429 88.5392 88.0056 87.5373 87.1309 86.7835 86.4928 86.2571 86.0751 85.9458 85.8684 85.8427 
85.9001 85.874 85.9001 85.9783 86.1092 86.2934 86.5321 86.8266 87.1789 87.5914 88.0672 88.6103 89.2257 89.9198 90.7008 91.5794 92.5694 93.6891 94.9626 96.4208 98.098 100 100 100 100 100 100 100 100 100 98.098 96.4208 94.9626 93.6891 92.5694 91.5794 90.7008 89.9198 89.2257 88.6103 88.0672 87.5914 87.1789 86.8266 86.5321 86.2934 86.1092 85.9783 85.9001 85.874 
85.9107 85.8845 85.9107 85.9892 86.1206 86.3056 86.5453 86.8411 87.195 87.6096 88.088 88.6343 89.2537 89.9528 90.7402 91.6269 92.6272 93.7597 95.0471 96.5144 98.1766 100 100 100 100 100 100 100 100 100 98.1766 96.5144 95.0471 93.7597 92.6272 91.6269 90.7402 89.9528 89.2537 88.6343 88.088 87.6096 87.195 86.8411 86.5453 86.3056 86.1206 85.9892 85.9107 85.8845 
85.9001 85.874 85.9001 85.9783 86.1092 86.2934 86.5321 86.8266 87.1789 87.5914 88.0672 88.6103 89.2257 89.9198 90.7008 91.5794 92.5694 93.6891 94.9626 96.4208 98.098 100 100 100 100 100 100 100 100 100 98.098 96.4208 94.9626 93.6891 92.5694 91.5794 90.7008 89.9198 89.2257 88.6103 88.0672 87.5914 87.1789 86.8266 86.5321 86.2934 86.1092 85.9783 85.9001 85.874 
85.8684 85.8427 85.8684 85.9458 86.0751 86.2571 86.4928 86.7835 87.1309 87.5373 88.0056 88.5392 89.1429 89.8222 90.5844 91.439 92.3982 93.4787 94.7045 96.1161 97.799 100 100 100 100 100 100 100 100 100 97.799 96.1161 94.7045 93.4787 92.3982 91.439 90.5844 89.8222 89.1429 88.5392 88.0056 87.5373 87.1309 86.7835 86.4928 86.2571 86.0751 85.9458 85.8684 85.8427 
85.8164 85.7912 85.8164 85.8923 86.0192 86.1976 86.4284 86.7128 87.0524 87.4489 87.905 88.4236 89.0084 89.6641 90.3965 91.2129 92.1226 93.1373 94.2725 95.5486 96.9867 98.5712 100 100 100 100 100 100 100 98.5712 96.9867 95.5486 94.2725 93.1373 92.1226 91.2129 90.3965 89.6641 89.0084 88.4236 87.905 87.4489 87.0524 86.7128 86.4284 86.1976 86.0192 85.8923 85.8164 85.7912 
85.7452 85.7206 85.7452 85.8191 85.9426 86.1161 86.3404 86.6164 86.9454 87.3289 87.7687 88.2673 88.8273 89.4522 90.1459 90.9131 91.7594 92.6905 93.7125 94.8288 96.0345 97.3014 98.5712 100 100 100 100 100 98.5712 97.3014 96.0345 94.8288 93.7125 92.6905 91.7594 90.9131 90.1459 89.4522 88.8273 88.2673 87.7687 87.3289 86.9454 86.6164 86.3404 86.1161 85.9426 85.8191 85.7452 85.7206 
85.6562 85.6325 85.6562 85.7277 85.847 86.0146 86.2309 86.4967 86.8129 87.1805 87.6008 88.0754 88.6061 89.1947 89.8435 90.5545 91.3294 92.1691 93.0719 94.0311 95.0301 96.0345 96.9867 97.799 98.098 98.1766 98.098 97.799 96.9867 96.0345 95.0301 94.0311 93.0719 92.1691 91.3294 90.5545 89.8435 89.1947 88.6061 88.0754 87.6008 87.1805 86.8129 86.4967 86.2309 86.0146 85.847 85.7277 85.6562 85.6325 
85.5513 85.5285 85.5513 85.62 85.7345 85.8953 86.1025 86.3566 86.6581 87.0077 87.4061 87.8539 88.3521 88.9011 89.5013 90.1527 90.8539 91.6019 92.3902 93.2069 94.0311 94.8288 95.5486 96.1161 96.4208 96.5144 96.4208 96.1161 95.5486 94.8288 94.0311 93.2069 92.3902 91.6019 90.8539 90.1527 89.5013 88.9011 88.3521 87.8539 87.4061 87.0077 86.6581 86.3566 86.1025 85.8953 85.7345 85.62 85.5513 85.5285 
85.4326 85.4108 85.4326 85.4982 85.6075 85.7606 85.9578 86.1991 86.4848 86.8149 87.1897 87.6091 88.0729 88.5807 89.1313 89.7229 90.3519 91.013 91.697 92.3902 93.0719 93.7125 94.2725 94.7045 94.9626 95.0471 94.9626 94.7045 94.2725 93.7125 93.0719 92.3902 91.697 91.013 90.3519 89.7229 89.1313 88.5807 88.0729 87.6091 87.1897 86.8149 86.4848 86.1991 85.9578 85.7606 85.6075 85.4982 85.4326 85.4108 
