10 10 10 10 10 10 10 10 10 10 10 10 10 10 10 10 10 10 10 10 10 10 10 10 10 10 10 10 10 10 10 10 10 10 10 10 10 10 10 10 10 10 10 10 10 10 10 10 10 10 
10 10 10 10 10 10 10 10 10 10 10 10 10 10 10 10 10 10 10 10 10 10 10 10 10 10 10 10 10 10 10 10 10 10 10 10 10 10 10 10 10 10 10 10 10 10 10 10 10 10 
10 10 10 10 10 10 10 10 10 10 10 10 10 10 10 10 10 10 10 10 10 10 10 10 10 10 10 10 10 10 10 10 10 10 10 10 10 10 10 10 10 10 10 10 10 10 10 10 10 10 
10 10 10 10 10 10 10 10 10 10 10 10 10 10 10 10 10 10 10 10 10 10 10 10 10 10 10 10 10 10 10 10 10 10 10 10 10 10 10 10 10 10 10 10 10 10 10 10 10 10 
10 10 10 10 10 10 10 10 10 10 10 10 10 10 10 10 10 10 10 10 10 10 10 10 10 10 10 10 10 10 10 10 10 10 10 10 10 10 10 10 10 10 10 10 10 10 10 10 10 10 
10 10 10 10 10 10 10 10 10 10 10 10 10 10 10 10 10 10 10 10 10 10 10 10 10 10 10 10 10 10 10 10 10 10 10 10 10 10 10 10 10 10 10 10 10 10 10 10 10 10 
10 10 10 10 10 10 10 10 10 10 10 10 10 10 10 10 10 10 10 10 10 10 10 10 10 10 10 10 10 10 10 10 10 10 10 10 10 10 10 10 10 10 10 10 10 10 10 10 10 10 
10 10 10 10 10 10 10 10 10 10 10 10 10 10 10 10 10 10 10 10 10 10 10 10 10 10 10 10 10 10 10 10 10 10 10 10 10 10 10 10 10 10 10 10 10 10 10 10 10 10 
10 10 10 10 10 10 10 10 10 10 10 10 10 10 10 10 10 10 10 10 10 10 10 10 10 10 10 10 10 10 10 10 10 10 10 10 10 10 10 10 10 10 10 10 10 10 10 10 10 10 
10 10 10 10 10 10 10 10 10 10 10 10 10 10 10 10 10 10 10 10 10 10 10 10 10 10 10 10 10 10 10 10 10 10 10 10 10 10 10 10 10 10 10 10 10 10 10 10 10 10 
10 10 10 10 10 10 10 10 10 10 10 10 10 10 10 10 10 10 10 10 10 10 10 10 10 10 10 10 10 10 10 10 10 10 10 10 10 10 10 10 10 10 10 10 10 10 10 10 10 10 
10 10 10 10 10 10 10 10 10 10 10 10 10 10 10 10 10 10 10 10 10 10 10 10 10 10 10 10 10 10 10 10 10 10 10 10 10 10 10 10 10 10 10 10 10 10 10 10 10 10 
10 10 10 10 10 10 10 10 10 10 10 10 10 10 10 10 10 10 10 10 10 10 10 10 10 10 10 10 10 10 10 10 10 10 10 10 10 10 10 10 10 10 10 10 10 10 10 10 10 10 
10 10 10 10 10 10 10 10 10 10 10 10 10 10 10 10 10 10 10 10 10 10 10 10 10 10 10 10 10 10 10 10 10 10 10 10 10 10 10 10 10 10 10 10 10 10 10 10 10 10 
10 10 10 10 10 10 10 10 10 10 10 10 10 10 10 10 10 10 10 10 10 10 10 10 10 10 10 10 10 10 10 10 10 10 10 10 10 10 10 10 10 10 10 10 10 10 10 10 10 10 
10 10 10 10 10 10 10 10 10 10 10 10 10 10 10 10 10 10 10 10 10 10 10 10 10 10 10 10 10 10 10 10 10 10 10 10 10 10 10 10 10 10 10 10 10 10 10 10 10 10 
10 10 10 10 10 10 10 10 10 10 10 10 10 10 10 10 10 10 10 10 10 10 10 10 10 10 10 10 10 10 10 10 10 10 10 10 10 10 10 10 10 10 10 10 10 10 10 10 10 10 
10 10 10 10 10 10 10 10 10 10 10 10 10 10 10 10 10 10 10 10 10 10 10 10 10 10 10 10 10 10 10 10 10 10 10 10 10 10 10 10 10 10 10 10 10 10 10 10 10 10 
10 10 10 10 10 10 10 10 10 10 10 10 10 10 10 10 10 10 10 10 10 10 10 10 10 10 10 10 10 10 10 10 10 10 10 10 10 10 10 10 10 10 10 10 10 10 10 10 10 10 
10 10 10 10 10 10 10 10 10 10 10 10 10 10 10 10 10 10 10 10 10 10 10 10 10 10 10 10 10 10 10 10 10 10 10 10 10 10 10 10 10 10 10 10 10 10 10 10 10 10 
10 10 10 10 10 10 10 10 10 10 10 10 10 10 10 10 10 10 10 10 10 10 10 10 10 10 10 10 10 10 10 10 10 10 10 10 10 10 10 10 10 10 10 10 10 10 10 10 10 10 
10 10 10 10 10 10 10 10 10 10 10 10 10 10 10 10 10 10 10 10 10 10 10 100 100 100 100 100 10 10 10 10 10 10 10 10 10 10 10 10 10 10 10 10 10 10 10 10 10 10 
10 10 10 10 10 10 10 10 10 10 10 10 10 10 10 10 10 10 10 10 10 10 100 100 100 100 100 100 100 10 10 10 10 10 10 10 10 10 10 10 10 10 10 10 10 10 10 10 10 10 
10 10 10 10 10 10 10 10 10 10 10 10 10 10 10 10 10 10 10 10 10 100 100 100 100 100 100 100 100 100 10 10 10 10 10 10 10 10 10 10 10 10 10 10 10 10 10 10 10 10 
10 10 10 10 10 10 10 10 10 10 10 10 10 10 10 10 10 10 10 10 10 100 100 100 100 100 100 100 100 100 10 10 10 10 10 10 10 10 10 10 10 10 10 10 10 10 10 10 10 10 
10 10 10 10 10 10 10 10 10 10 10 10 10 10 10 10 10 10 10 10 10 100 100 100 100 100 100 100 100 100 10 10 10 10 10 10 10 10 10 10 10 10 10 10 10 10 10 10 10 10 
10 10 10 10 10 10 10 10 10 10 10 10 10 10 10 10 10 10 10 10 10 100 100 100 100 100 100 100 100 100 10 10 10 10 10 10 10 10 10 10 10 10 10 10 10 10 10 10 10 10 
10 10 10 10 10 10 10 10 10 10 10 10 10 10 10 10 10 10 10 10 10 100 100 100 100 100 100 100 100 100 10 10 10 10 10 10 10 10 10 10 10 10 10 10 10 10 10 10 10 10 
10 10 10 10 10 10 10 10 10 10 10 10 10 10 10 10 10 10 10 10 10 10 100 100 100 100 100 100 100 10 10 10 10 10 10 10 10 10 10 10 10 10 10 10 10 10 10 10 10 10 
10 10 10 10 10 10 10 10 10 10 10 10 10 10 10 10 10 10 10 10 10 10 10 100 100 100 100 100 10 10 10 10 10 10 10 10 10 10 10 10 10 10 10 10 10 10 10 10 10 10 
10 10 10 10 10 10 10 10 10 10 10 10 10 10 10 10 10 10 10 10 10 10 10 10 10 10 10 10 10 10 10 10 10 10 10 10 10 10 10 10 10 10 10 10 10 10 10 10 10 10 
10 10 10 10 10 10 10 10 10 10 10 10 10 10 10 10 10 10 10 10 10 10 10 10 10 10 10 10 10 10 10 10 10 10 10 10 10 10 10 10 10 10 10 10 10 10 10 10 10 10 
10 10 10 10 10 10 10 10 10 10 10 10 10 10 10 10 10 10 10 10 10 10 10 10 10 10 10 10 10 10 10 10 10 10 10 10 10 10 10 10 10 10 10 10 10 10 10 10 10 10 
10 10 10 10 10 10 10 10 10 10 10 10 10 10 10 10 10 10 10 10 10 10 10 10 10 10 10 10 10 10 10 10 10 10 10 10 10 10 10 10 10 10 10 10 10 10 10 10 10 10 
10 10 10 10 10 10 10 10 10 10 10 10 10 10 10 10 10 10 10 10 10 10 10 10 10 10 10 10 10 10 10 10 10 10 10 10 10 10 10 10 10 10 10 10 10 10 10 10 10 10 
10 10 10 10 10 10 10 10 10 10 10 10 10 10 10 10 10 10 10 10 10 10 10 10 10 10 10 10 10 10 10 10 10 10 10 10 10 10 10 10 10 10 10 10 10 10 10 10 10 10 
10 10 10 10 10 10 10 10 10 10 10 10 10 10 10 10 10 10 10 10 10 10 10 10 10 10 10 10 10 10 10 10 10 10 10 10 10 10 10 10 10 10 10 10 10 10 10 10 10 10 
10 10 10 10 10 10 10 10 10 10 10 10 10 10 10 10 10 10 10 10 10 10 10 10 10 10 10 10 10 10 10 10 10 10 10 10 10 10 10 10 10 10 10 10 10 10 10 10 10 10 
10 10 10 10 10 10 10 10 10 10 10 10 10 10 10 10 10 10 10 10 10 10 10 10 10 10 10 10 10 10 10 10 10 10 10 10 10 10 10 10 10 10 10 10 10 10 10 10 10 10 
10 10 10 10 10 10 10 10 10 10 10 10 10 10 10 10 10 10 10 10 10 10 10 10 10 10 10 10 10 10 10 10 10 10 10 10 10 10 10 10 10 10 10 10 10 10 10 10 10 10 
10 10 10 10 10 10 10 10 10 10 10 10 10 10 10 10 10 10 10 10 10 10 10 10 10 10 10 10 10 10 10 10 10 10 10 10 10 10 10 10 10 10 10 10 10 10 10 10 10 10 
10 10 10 10 10 10 10 10 10 10 10 10 10 10 10 10 10 10 10 10 10 10 10 10 10 10 10 10 10 10 10 10 10 10 10 10 10 10 10 10 10 10 10 10 10 10 10 10 10 10 
10 10 10 10 10 10 10 10 10 10 10 10 10 10 10 10 10 10 10 10 10 10 10 10 10 10 10 10 10 10 10 10 10 10 10 10 10 10 10 10 10 10 10 10 10 10 10 10 10 10 
10 10 10 10 10 10 10 10 10 10 10 10 10 10 10 10 10 10 10 10 10 10 10 10 10 10 10 10 10 10 10 10 10 10 10 10 10 10 10 10 10 10 10 10 10 10 10 10 10 10 
10 10 10 10 10 10 10 10 10 10 10 10 10 10 10 10 10 10 10 10 10 10 10 10 10 10 10 10 10 10 10 10 10 10 10 10 10 10 10 10 10 10 10 10 10 10 10 10 10 10 
10 10 10 10 10 10 10 10 10 10 10 10 10 10 10 10 10 10 10 10 10 10 10 10 10 10 10 10 10 10 10 10 10 10 10 10 10 10 10 10 10 10 10 10 10 10 10 10 10 10 
10 10 10 10 10 10 10 10 10 10 10 10 10 10 10 10 10 10 10 10 10 10 10 10 10 10 10 10 10 10 10 10 10 10 10 10 10 10 10 10 10 10 10 10 10 10 10 10 10 10 
10 10 10 10 10 10 10 10 10 10 10 10 10 10 10 10 10 10 10 10 10 10 10 10 10 10 10 10 10 10 10 10 10 10 10 10 10 10 10 10 10 10 10 10 10 10 10 10 10 10 
10 10 10 10 10 10 10 10 10 10 10 10 10 10 10 10 10 10 10 10 10 10 10 10 10 10 10 10 10 10 10 10 10 10 10 10 10 10 10 10 10 10 10 10 10 10 10 10 10 10 
10 10 10 10 10 10 10 10 10 10 10 10 10 10 10 10 10 10 10 10 10 10 10 10 10 10 10 10 10 10 10 10 10 10 10 10 10 10 10 10 10 10 10 10 10 10 10 10 10 10 
57.3262 57.3262 57.3719 57.4628 57.5976 57.7748 57.9919 58.2462 58.5343 58.8522 59.1955 59.5595 59.9388 60.3277 60.7204 61.1108 61.4925 61.8595 62.2055 62.5247 62.8117 63.0617 63.2703 63.4342 63.5508 63.6186 63.6371 63.6067 63.5289 63.4064 63.2423 63.041 62.8072 62.5462 62.2639 61.966 61.6588 61.3482 61.0401 60.7403 60.4541 60.1866 59.9421 59.7249 59.5384 59.3855 59.2688 59.19 59.1502 59.1502 
57.3262 57.3262 57.3719 57.4628 57.5976 57.7748 57.9919 58.2462 58.5343 58.8522 59.1955 59.5595 59.9388 60.3277 60.7204 61.1108 61.4925 61.8595 62.2055 62.5247 62.8117 63.0617 63.2703 63.4342 63.5508 63.6186 63.6371 63.6067 63.5289 63.4064 63.2423 63.041 62.8072 62.5462 62.2639 61.966 61.6588 61.3482 61.0401 60.7403 60.4541 60.1866 59.9421 59.7249 59.5384 59.3855 59.2688 59.19 59.1502 59.1502 
57.3719 57.3719 57.4181 57.5099 57.6463 57.8253 58.0449 58.302 58.5934 58.915 59.2625 59.631 60.0152 60.4092 60.8073 61.2031 61.5903 61.9626 62.3138 62.6378 62.9292 63.1829 63.3946 63.5608 63.6788 63.7471 63.765 63.7333 63.6533 63.5277 63.36 63.1543 62.9158 62.6498 62.3621 62.059 61.7464 61.4306 61.1176 60.8132 60.5227 60.2512 60.0033 59.7831 59.594 59.4391 59.3209 59.241 59.2008 59.2008 
57.4628 57.4628 57.5099 57.6037 57.7429 57.9258 58.1502 58.413 58.711 59.0402 59.3961 59.7736 60.1675 60.572 60.9807 61.3875 61.7858 62.1689 62.5305 62.8643 63.1645 63.4259 63.6438 63.8145 63.9353 64.0045 64.0216 63.987 63.9025 63.7708 63.5956 63.3812 63.1331 62.8568 62.5585 62.2446 61.9213 61.5952 61.2722 60.9584 60.6593 60.38 60.1251 59.8988 59.7047 59.5457 59.4244 59.3424 59.3012 59.3012 
57.5976 57.5976 57.6463 57.7429 57.8865 58.0751 58.3067 58.5781 58.8861 59.2266 59.595 59.9864 60.395 60.8151 61.2402 61.6636 62.0787 62.4784 62.8559 63.2046 63.5184 63.7914 64.0188 64.1966 64.3217 64.3924 64.4081 64.3692 64.2777 64.1366 63.9498 63.7221 63.4592 63.1673 62.8528 62.5224 62.1829 61.841 61.5029 61.175 60.8628 60.5716 60.3063 60.0709 59.8691 59.704 59.5781 59.4931 59.4503 59.4503 
57.7748 57.7748 57.8253 57.9258 58.0751 58.2715 58.5126 58.7956 59.1169 59.4726 59.8579 60.2677 60.6963 61.1374 61.5846 62.0307 62.4686 62.8909 63.2902 63.6594 63.9917 64.2809 64.5214 64.7089 64.8401 64.9128 64.9264 64.8817 64.7805 64.6263 64.4236 64.1776 63.8945 63.5812 63.2445 62.8918 62.5302 62.1668 61.8084 61.4613 61.1316 60.8245 60.5451 60.2975 60.0856 59.9123 59.7802 59.691 59.6462 59.6462 
57.9919 57.9919 58.0449 58.1502 58.3067 58.5126 58.7658 59.0631 59.4012 59.7759 60.1825 60.6156 61.0694 61.5374 62.0127 62.4878 62.955 63.4064 63.8339 64.2297 64.5861 64.8962 65.154 65.3542 65.4932 65.5686 65.5795 65.527 65.4132 65.242 65.0184 64.7485 64.4393 64.0982 63.7329 63.3515 62.9616 62.5709 62.1866 61.8153 61.4633 61.1362 60.8391 60.5762 60.3515 60.1679 60.0281 59.9338 59.8864 59.8864 
58.2462 58.2462 58.302 58.413 58.5781 58.7956 59.0631 59.3778 59.736 60.1337 60.566 61.0275 61.512 62.0128 62.5227 63.0335 63.5371 64.0247 64.4874 64.9165 65.3033 65.64 65.9195 66.1359 66.2848 66.3635 66.3711 66.3086 66.1787 65.9859 65.736 65.436 65.0939 64.718 64.3172 63.9002 63.4754 63.0511 62.635 62.2342 61.8552 61.5038 61.1853 60.904 60.6638 60.4679 60.3189 60.2184 60.1679 60.1679 
58.5343 58.5343 58.5934 58.711 58.8861 59.1169 59.4012 59.736 60.1178 60.5425 61.0051 61.5001 62.0211 62.561 63.1122 63.6662 64.2138 64.7455 65.2513 65.7213 66.1458 66.5154 66.8219 67.0585 67.2198 67.3027 67.3061 67.2311 67.081 66.8612 66.5785 66.2413 65.8587 65.4403 64.9962 64.5359 64.0691 63.6045 63.1505 62.7146 62.3036 61.9236 61.5799 61.277 61.0188 60.8086 60.6487 60.5411 60.487 60.487 
58.8522 58.8522 58.915 59.0402 59.2266 59.4726 59.7759 60.1337 60.5425 60.9981 61.4956 62.0294 62.5928 63.1786 63.7785 64.3835 64.9835 65.5681 66.126 66.6458 67.1162 67.5263 67.8663 68.1278 68.3045 68.3926 68.3906 68.3001 68.125 67.8718 67.5488 67.166 66.734 66.2643 65.7681 65.2564 64.7396 64.2276 63.7292 63.2524 62.8043 62.3912 62.0186 61.6909 61.4122 61.1855 61.0134 60.8976 60.8394 60.8394 
59.1955 59.1955 59.2625 59.3961 59.595 59.8579 60.1825 60.566 61.0051 61.4956 62.0327 62.6106 63.2227 63.8613 64.5177 65.1823 65.8442 66.4916 67.1119 67.6918 68.218 68.6777 69.0587 69.351 69.5468 69.6412 69.6325 69.5227 69.3166 69.0223 68.65 68.2117 67.7202 67.1889 66.6307 66.0583 65.4831 64.9159 64.3663 63.8425 63.3522 62.9016 62.4962 62.1407 61.8389 61.5938 61.408 61.2831 61.2204 61.2204 
59.5595 59.5595 59.631 59.7736 59.9864 60.2677 60.6156 61.0275 61.5001 62.0294 62.6106 63.2381 63.9051 64.6039 65.3253 66.059 66.7931 67.5147 68.2092 68.8613 69.4553 69.9754 70.407 70.7373 70.9567 71.0588 71.0418 70.9079 70.6635 70.3186 69.8859 69.3802 68.8171 68.2123 67.5811 66.9376 66.2947 65.6642 65.056 64.4792 63.9413 63.4487 63.007 62.6206 62.2933 62.028 61.8271 61.6923 61.6246 61.6246 
59.9388 59.9388 60.0152 60.1675 60.395 60.6963 61.0694 61.512 62.0211 62.5928 63.2227 63.9051 64.6335 65.4 66.1952 67.0082 67.8263 68.6348 69.4174 70.1563 70.8324 71.4266 71.9206 72.2982 72.5468 72.6587 72.6311 72.4672 72.1751 71.7676 71.2609 70.6734 70.0242 69.3322 68.6151 67.8891 67.1684 66.4657 65.7917 65.1555 64.5647 64.0259 63.5443 63.1242 62.7691 62.482 62.2648 62.1192 62.0462 62.0462 
60.3277 60.3277 60.4092 60.572 60.8151 61.1374 61.5374 62.0128 62.561 63.1786 63.8613 64.6039 65.4 66.242 67.1203 68.0236 68.9383 69.8485 70.7356 71.5786 72.3547 73.0401 73.6115 74.048 74.3334 74.4573 74.4165 74.2148 73.8629 73.3775 72.7796 72.0925 71.34 70.5446 69.7272 68.9059 68.0967 67.3127 66.5652 65.8634 65.2148 64.6256 64.1008 63.6444 63.2597 62.9492 62.7147 62.5576 62.4789 62.4789 
60.7204 60.7204 60.8073 60.9807 61.2402 61.5846 62.0127 62.5227 63.1122 63.7785 64.5177 65.3253 66.1952 67.1203 68.0912 69.0965 70.122 71.1504 72.1609 73.1292 74.0274 74.8259 75.4944 76.0055 76.3373 76.4764 76.4186 76.1688 75.7413 75.1582 74.4472 73.6385 72.7616 71.844 70.9098 69.9795 69.0701 68.1955 67.367 66.5936 65.8825 65.2393 64.6685 64.1737 63.7577 63.4226 63.1699 63.0009 62.9162 62.9162 
61.1108 61.1108 61.2031 61.3875 61.6636 62.0307 62.4878 63.0335 63.6662 64.3835 65.1823 66.059 67.0082 68.0236 69.0965 70.2158 71.3672 72.5325 73.6888 74.8078 75.8562 76.7961 77.5879 78.1942 78.5853 78.7436 78.664 78.3528 77.8284 77.1212 76.2687 75.3105 74.2839 73.2221 72.1527 71.0984 70.077 69.1026 68.186 67.3357 66.5579 65.8576 65.2386 64.7038 64.2552 63.8947 63.6233 63.442 63.3512 63.3512 
61.4925 61.4925 61.5903 61.7858 62.0787 62.4686 62.955 63.5371 64.2138 64.9835 65.8442 66.7931 67.8263 68.9383 70.122 71.3672 72.6604 73.9831 75.3108 76.6117 77.8457 78.9648 79.9156 80.6456 81.1126 81.2951 81.1875 80.7971 80.1469 79.2797 78.2481 77.1051 75.8981 74.6667 73.4421 72.2482 71.1032 70.0203 69.0094 68.0775 67.23 66.4705 65.8018 65.2259 64.7443 64.358 64.0677 63.8739 63.7769 63.7769 
61.8595 61.8595 61.9626 62.1689 62.4784 62.8909 63.4064 64.0247 64.7455 65.5681 66.4916 67.5147 68.6348 69.8485 71.1504 72.5325 73.9831 75.4848 77.0129 78.533 79.998 81.3472 82.5078 83.402 83.9656 84.1773 84.0349 83.5433 82.726 81.648 80.3867 79.0141 77.59 76.1605 74.7594 73.4107 72.1312 70.9326 69.8224 68.806 67.8868 67.0671 66.3482 65.7312 65.2165 64.8045 64.4955 64.2894 64.1863 64.1863 
62.2055 62.2055 62.3138 62.5305 62.8559 63.2902 63.8339 64.4874 65.2513 66.126 67.1119 68.2092 69.4174 70.7356 72.1609 73.6888 75.3108 77.0129 78.7729 80.5559 82.3094 83.9588 85.4042 86.525 87.2055 87.4481 87.2664 86.6513 85.6037 84.2399 82.6796 81.0209 79.3369 77.6786 76.0801 74.5628 73.1404 71.8208 70.6087 69.5067 68.5157 67.6361 66.8678 66.2104 65.6635 65.2267 64.8994 64.6814 64.5725 64.5725 
62.5247 62.5247 62.6378 62.8643 63.2046 63.6594 64.2297 64.9165 65.7213 66.6458 67.6918 68.8613 70.1563 71.5786 73.1292 74.8078 76.6117 78.533 80.5559 82.6502 84.7634 86.8091 88.6568 90.1176 90.9111 91.1704 90.9593 90.2209 88.8291 87.0631 85.1092 83.0948 81.1036 79.1865 77.3724 75.6766 74.1063 72.6642 71.3505 70.1641 69.1032 68.1659 67.3502 66.6545 66.0771 65.6167 65.2724 65.0432 64.9288 64.9288 
62.8117 62.8117 62.9292 63.1645 63.5184 63.9917 64.5861 65.3033 66.1458 67.1162 68.218 69.4553 70.8324 72.3547 74.0274 75.8562 77.8457 79.998 82.3094 84.7634 87.3178 89.886 92.3207 94.3992 95.1706 95.3825 95.1991 94.4653 92.4532 90.1028 87.6321 85.1829 82.8381 80.6376 78.5968 76.7189 75.0016 73.44 72.0288 70.7624 69.636 68.645 67.7857 67.0547 66.4494 65.9676 65.6077 65.3684 65.249 65.249 
63.0617 63.0617 63.1829 63.4259 63.7914 64.2809 64.8962 65.64 66.5154 67.5263 68.6777 69.9754 71.4266 73.0401 74.8259 76.7961 78.9648 81.3472 83.9588 86.8091 89.886 93.1181 96.3577 100 100 100 100 100 96.4325 93.2844 90.1609 87.1995 84.4665 81.972 79.7058 77.6525 75.7967 74.1247 72.6245 71.2861 70.1012 69.0626 68.1647 67.4028 66.7731 66.2727 65.8993 65.6512 65.5274 65.5274 
63.2703 63.2703 63.3946 63.6438 64.0188 64.5214 65.154 65.9195 66.8219 67.8663 69.0587 70.407 71.9206 73.6115 75.4944 77.5879 79.9156 82.5078 85.4042 88.6568 92.3207 96.3577 100 100 100 100 100 100 100 96.4565 92.5493 89.0161 85.8908 83.1182 80.6472 78.4385 76.4622 74.6953 73.1196 71.7206 70.4868 69.4087 68.479 67.6917 67.042 66.5263 66.1419 65.8866 65.7593 65.7593 
63.4342 63.4342 63.5608 63.8145 64.1966 64.7089 65.3542 66.1359 67.0585 68.1278 69.351 70.7373 72.2982 74.048 76.0055 78.1942 80.6456 83.402 86.525 90.1176 94.3992 100 100 100 100 100 100 100 100 100 94.5804 90.4491 86.9937 84.0007 81.3695 79.04 76.9708 75.1313 73.4981 72.0533 70.7827 69.675 68.7215 67.9153 67.2508 66.7238 66.3311 66.0706 65.9407 65.9407 
63.5508 63.5508 63.6788 63.9353 64.3217 64.8401 65.4932 66.2848 67.2198 68.3045 69.5468 70.9567 72.5468 74.3334 76.3373 78.5853 81.1126 83.9656 87.2055 90.9111 95.1706 100 100 100 100 100 100 100 100 100 95.3352 91.2277 87.6633 84.5569 81.8318 79.4283 77.3014 75.4166 73.7477 72.2744 70.981 69.8551 68.887 68.0691 67.3955 66.8615 66.4639 66.2001 66.0686 66.0686 
63.6186 63.6186 63.7471 64.0045 64.3924 64.9128 65.5686 66.3635 67.3027 68.3926 69.6412 71.0588 72.6587 74.4573 76.4764 78.7436 81.2951 84.1773 87.4481 91.1704 95.3825 100 100 100 100 100 100 100 100 100 95.543 91.4827 87.9027 84.7665 82.013 79.5862 77.4406 75.5411 73.8605 72.378 71.0771 69.9451 68.9722 68.1504 67.4737 66.9375 66.5382 66.2733 66.1412 66.1412 
63.6371 63.6371 63.765 64.0216 64.4081 64.9264 65.5795 66.3711 67.3061 68.3906 69.6325 71.0418 72.6311 74.4165 76.4186 78.664 81.1875 84.0349 87.2664 90.9593 95.1991 100 100 100 100 100 100 100 100 100 95.3642 91.2766 87.7253 84.6274 81.9081 79.5086 77.3844 75.5016 73.8342 72.3619 71.0692 69.9437 68.976 68.1583 67.4848 66.9509 66.5533 66.2895 66.158 66.158 
63.6067 63.6067 63.7333 63.987 64.3692 64.8817 65.527 66.3086 67.2311 68.3001 69.5227 70.9079 72.4672 74.2148 76.1688 78.3528 80.7971 83.5433 86.6513 90.2209 94.4653 100 100 100 100 100 100 100 100 100 94.6474 90.5539 87.122 84.1445 81.5239 79.2018 77.1378 75.302 73.6714 72.2285 70.9591 69.8524 68.8995 68.0936 67.4294 66.9025 66.51 66.2494 66.1196 66.1196 
63.5289 63.5289 63.6533 63.9025 64.2777 64.7805 65.4132 66.1787 67.081 68.125 69.3166 70.6635 72.1751 73.8629 75.7413 77.8284 80.1469 82.726 85.6037 88.8291 92.4532 96.4325 100 100 100 100 100 100 100 96.5321 92.6836 89.1909 86.0935 83.3403 80.8829 78.6838 76.7145 74.9526 73.3805 71.9841 70.752 69.6751 68.7462 67.9594 67.31 66.7945 66.4101 66.1549 66.0276 66.0276 
63.4064 63.4064 63.5277 63.7708 64.1366 64.6263 65.242 65.9859 66.8612 67.8718 69.0223 70.3186 71.7676 73.3775 75.1582 77.1212 79.2797 81.648 84.2399 87.0631 90.1028 93.2844 96.4565 100 100 100 100 100 96.5321 93.4525 90.3804 87.4571 84.752 82.2779 80.0266 77.9842 76.1363 74.47 72.974 71.6385 70.4556 69.4184 68.5213 67.76 67.1306 66.6303 66.2569 66.0089 65.8851 65.8851 
63.2423 63.2423 63.36 63.5956 63.9498 64.4236 65.0184 65.736 66.5785 67.5488 68.65 69.8859 71.2609 72.7796 74.4472 76.2687 78.2481 80.3867 82.6796 85.1092 87.6321 90.1609 92.5493 94.5804 95.3352 95.543 95.3642 94.6474 92.6836 90.3804 87.9501 85.5334 83.2139 81.0327 79.0066 77.1397 75.4304 73.8748 72.4679 71.2045 70.0802 69.0905 68.232 67.5015 66.8964 66.4146 66.0547 65.8154 65.6959 65.6959 
63.041 63.041 63.1543 63.3812 63.7221 64.1776 64.7485 65.436 66.2413 67.166 68.2117 69.3802 70.6734 72.0925 73.6385 75.3105 77.1051 79.0141 81.0209 83.0948 85.1829 87.1995 89.0161 90.4491 91.2277 91.4827 91.2766 90.5539 89.1909 87.4571 85.5334 83.5451 81.5754 79.6755 77.8747 76.1891 74.6265 73.19 71.8804 70.6967 69.6377 68.7015 67.8865 67.191 66.6137 66.1532 65.8087 65.5794 65.4649 65.4649 
62.8072 62.8072 62.9158 63.1331 63.4592 63.8945 64.4393 65.0939 65.8587 66.734 67.7202 68.8171 70.0242 71.34 72.7616 74.2839 75.8981 77.59 79.3369 81.1036 82.8381 84.4665 85.8908 86.9937 87.6633 87.9027 87.7253 87.122 86.0935 84.752 83.2139 81.5754 79.9088 78.2649 76.6778 75.1695 73.7538 72.4391 71.2305 70.1307 69.1411 68.2622 67.4942 66.8368 66.2897 65.8525 65.5249 65.3067 65.1976 65.1976 
62.5462 62.5462 62.6498 62.8568 63.1673 63.5812 64.0982 64.718 65.4403 66.2643 67.1889 68.2123 69.3322 70.5446 71.844 73.2221 74.6667 76.1605 77.6786 79.1865 80.6376 81.972 83.1182 84.0007 84.5569 84.7665 84.6274 84.1445 83.3403 82.2779 81.0327 79.6755 78.2649 76.8468 75.4549 74.1135 72.8394 71.6446 70.537 69.5221 68.6037 67.7841 67.065 66.4474 65.9321 65.5195 65.2099 65.0034 64.9001 64.9001 
62.2639 62.2639 62.3621 62.5585 62.8528 63.2445 63.7329 64.3172 64.9962 65.7681 66.6307 67.5811 68.6151 69.7272 70.9098 72.1527 73.4421 74.7594 76.0801 77.3724 78.5968 79.7058 80.6472 81.3695 81.8318 82.013 81.9081 81.5239 80.8829 80.0266 79.0066 77.8747 76.6778 75.4549 74.2372 73.0487 71.9075 70.8271 69.8176 68.8863 68.0386 67.2785 66.6089 66.0319 65.5492 65.1619 64.8707 64.6763 64.5791 64.5791 
61.966 61.966 62.059 62.2446 62.5224 62.8918 63.3515 63.9002 64.5359 65.2564 66.0583 66.9376 67.8891 68.9059 69.9795 71.0984 72.2482 73.4107 74.5628 75.6766 76.7189 77.6525 78.4385 79.04 79.4283 79.5862 79.5086 79.2018 78.6838 77.9842 77.1397 76.1891 75.1695 74.1135 73.0487 71.9976 70.9783 70.0049 69.0884 68.2374 67.4584 66.7566 66.1359 65.5993 65.1491 64.7871 64.5146 64.3324 64.2412 64.2412 
61.6588 61.6588 61.7464 61.9213 62.1829 62.5302 62.9616 63.4754 64.0691 64.7396 65.4831 66.2947 67.1684 68.0967 69.0701 70.077 71.1032 72.1312 73.1404 74.1063 75.0016 75.7967 76.4622 76.9708 77.3014 77.4406 77.3844 77.1378 76.7145 76.1363 75.4304 74.6265 73.7538 72.8394 71.9075 70.9783 70.0691 69.1939 68.364 67.5886 66.875 66.2292 65.6558 65.1584 64.7401 64.4029 64.1487 63.9785 63.8933 63.8933 
61.3482 61.3482 61.4306 61.5952 61.841 62.1668 62.5709 63.0511 63.6045 64.2276 64.9159 65.6642 66.4657 67.3127 68.1955 69.1026 70.0203 70.9326 71.8208 72.6642 73.44 74.1247 74.6953 75.1313 75.4166 75.5411 75.5016 75.302 74.9526 74.47 73.8748 73.19 72.4391 71.6446 70.8271 70.0049 69.1939 68.4074 67.6568 66.9515 66.2991 65.7061 65.1776 64.7178 64.3299 64.0167 63.7802 63.6217 63.5422 63.5422 
61.0401 61.0401 61.1176 61.2722 61.5029 61.8084 62.1866 62.635 63.1505 63.7292 64.3663 65.056 65.7917 66.5652 67.367 68.186 69.0094 69.8224 70.6087 71.3505 72.0288 72.6245 73.1196 73.4981 73.7477 73.8605 73.8342 73.6714 73.3805 72.974 72.4679 71.8804 71.2305 70.537 69.8176 69.0884 68.364 67.6568 66.9779 66.3365 65.7406 65.1965 64.71 64.2853 63.9263 63.6358 63.416 63.2686 63.1947 63.1947 
60.7403 60.7403 60.8132 60.9584 61.175 61.4613 61.8153 62.2342 62.7146 63.2524 63.8425 64.4792 65.1555 65.8634 66.5936 67.3357 68.0775 68.806 69.5067 70.1641 70.7624 71.2861 71.7206 72.0533 72.2744 72.378 72.3619 72.2285 71.9841 71.6385 71.2045 70.6967 70.1307 69.5221 68.8863 68.2374 67.5886 66.9515 66.3365 65.7528 65.2079 64.7087 64.2606 63.8685 63.5363 63.2669 63.0628 62.9257 62.8569 62.8569 
60.4541 60.4541 60.5227 60.6593 60.8628 61.1316 61.4633 61.8552 62.3036 62.8043 63.3522 63.9413 64.5647 65.2148 65.8825 66.5579 67.23 67.8868 68.5157 69.1032 69.636 70.1012 70.4868 70.7827 70.981 71.0771 71.0692 70.9591 70.752 70.4556 70.0802 69.6377 69.1411 68.6037 68.0386 67.4584 66.875 66.2991 65.7406 65.2079 64.7088 64.2499 63.8367 63.4742 63.1663 62.9163 62.7265 62.5991 62.535 62.535 
60.1866 60.1866 60.2512 60.38 60.5716 60.8245 61.1362 61.5038 61.9236 62.3912 62.9016 63.4487 64.0259 64.6256 65.2393 65.8576 66.4705 67.0671 67.6361 68.1659 68.645 69.0626 69.4087 69.675 69.8551 69.9451 69.9437 69.8524 69.6751 69.4184 69.0905 68.7015 68.2622 67.7841 67.2785 66.7566 66.2292 65.7061 65.1965 64.7087 64.2499 63.8266 63.4446 63.1085 62.8225 62.5898 62.413 62.2941 62.2344 62.2344 
59.9421 59.9421 60.0033 60.1251 60.3063 60.5451 60.8391 61.1853 61.5799 62.0186 62.4962 63.007 63.5443 64.1008 64.6685 65.2386 65.8018 66.3482 66.8678 67.3502 67.7857 68.1647 68.479 68.7215 68.887 68.9722 68.976 68.8995 68.7462 68.5213 68.232 67.8865 67.4942 67.065 66.6089 66.1359 65.6558 65.1776 64.71 64.2606 63.8367 63.4446 63.0896 62.7768 62.51 62.2926 62.1273 62.016 61.9601 61.9601 
59.7249 59.7249 59.7831 59.8988 60.0709 60.2975 60.5762 60.904 61.277 61.6909 62.1407 62.6206 63.1242 63.6444 64.1737 64.7038 65.2259 65.7312 66.2104 66.6545 67.0547 67.4028 67.6917 67.9153 68.0691 68.1504 68.1583 68.0936 67.9594 67.76 67.5015 67.191 66.8368 66.4474 66.0319 65.5993 65.1584 64.7178 64.2853 63.8685 63.4742 63.1085 62.7768 62.4838 62.2335 62.0293 61.8739 61.7692 61.7165 61.7165 
59.5384 59.5384 59.594 59.7047 59.8691 60.0856 60.3515 60.6638 61.0188 61.4122 61.8389 62.2933 62.7691 63.2597 63.7577 64.2552 64.7443 65.2165 65.6635 66.0771 66.4494 66.7731 67.042 67.2508 67.3955 67.4737 67.4848 67.4294 67.31 67.1306 66.8964 66.6137 66.2897 65.9321 65.5492 65.1491 64.7401 64.3299 63.9263 63.5363 63.1663 62.8225 62.51 62.2335 61.997 61.8039 61.6567 61.5575 61.5076 61.5076 
59.3855 59.3855 59.4391 59.5457 59.704 59.9123 60.1679 60.4679 60.8086 61.1855 61.5938 62.028 62.482 62.9492 63.4226 63.8947 64.358 64.8045 65.2267 65.6167 65.9676 66.2727 66.5263 66.7238 66.8615 66.9375 66.9509 66.9025 66.7945 66.6303 66.4146 66.1532 65.8525 65.5195 65.1619 64.7871 64.4029 64.0167 63.6358 63.2669 62.9163 62.5898 62.2926 62.0293 61.8039 61.6196 61.479 61.3842 61.3365 61.3365 
59.2688 59.2688 59.3209 59.4244 59.5781 59.7802 60.0281 60.3189 60.6487 61.0134 61.408 61.8271 62.2648 62.7147 63.1699 63.6233 64.0677 64.4955 64.8994 65.2724 65.6077 65.8993 66.1419 66.3311 66.4639 66.5382 66.5533 66.51 66.4101 66.2569 66.0547 65.8087 65.5249 65.2099 64.8707 64.5146 64.1487 63.7802 63.416 63.0628 62.7265 62.413 62.1273 61.8739 61.6567 61.479 61.3435 61.252 61.2059 61.2059 
59.19 59.19 59.241 59.3424 59.4931 59.691 59.9338 60.2184 60.5411 60.8976 61.2831 61.6923 62.1192 62.5576 63.0009 63.442 63.8739 64.2894 64.6814 65.0432 65.3684 65.6512 65.8866 66.0706 66.2001 66.2733 66.2895 66.2494 66.1549 66.0089 65.8154 65.5794 65.3067 65.0034 64.6763 64.3324 63.9785 63.6217 63.2686 62.9257 62.5991 62.2941 62.016 61.7692 61.5575 61.3842 61.252 61.1627 61.1177 61.1177 
59.1502 59.1502 59.2008 59.3012 59.4503 59.6462 59.8864 60.1679 60.487 60.8394 61.2204 61.6246 62.0462 62.4789 62.9162 63.3512 63.7769 64.1863 64.5725 64.9288 65.249 65.5274 65.7593 65.9407 66.0686 66.1412 66.158 66.1196 66.0276 65.8851 65.6959 65.4649 65.1976 64.9001 64.5791 64.2412 63.8933 63.5422 63.1947 62.8569 62.535 62.2344 61.9601 61.7165 61.5076 61.3365 61.2059 61.1177 61.0733 61.0733 
59.1502 59.1502 59.2008 59.3012 59.4503 59.6462 59.8864 60.1679 60.487 60.8394 61.2204 61.6246 62.0462 62.4789 62.9162 63.3512 63.7769 64.1863 64.5725 64.9288 65.249 65.5274 65.7593 65.9407 66.0686 66.1412 66.158 66.1196 66.0276 65.8851 65.6959 65.4649 65.1976 64.9001 64.5791 64.2412 63.8933 63.5422 63.1947 62.8569 62.535 62.2344 61.9601 61.7165 61.5076 61.3365 61.2059 61.1177 61.0733 61.0733 
83.7312 83.7312 83.749 83.7843 83.8368 83.9057 83.9903 84.0894 84.2016 84.3257 84.4598 84.6021 84.7507 84.9033 85.0577 85.2116 85.3626 85.5083 85.6465 85.7748 85.8913 85.994 86.0813 86.1518 86.2047 86.2393 86.2553 86.2529 86.2327 86.1955 86.1426 86.0755 85.996 85.906 85.8076 85.7032 85.5948 85.4848 85.3754 85.2685 85.1663 85.0706 84.983 84.9051 84.8381 84.7832 84.7412 84.7129 84.6986 84.6986 
83.7312 83.7312 83.749 83.7843 83.8368 83.9057 83.9903 84.0894 84.2016 84.3257 84.4598 84.6021 84.7507 84.9033 85.0577 85.2116 85.3626 85.5083 85.6465 85.7748 85.8913 85.994 86.0813 86.1518 86.2047 86.2393 86.2553 86.2529 86.2327 86.1955 86.1426 86.0755 85.996 85.906 85.8076 85.7032 85.5948 85.4848 85.3754 85.2685 85.1663 85.0706 84.983 84.9051 84.8381 84.7832 84.7412 84.7129 84.6986 84.6986 
83.749 83.749 83.7669 83.8027 83.8557 83.9253 84.0108 84.1109 84.2245 84.3499 84.4856 84.6296 84.78 84.9345 85.0909 85.2469 85.3999 85.5477 85.6878 85.8179 85.936 86.0401 86.1285 86.1999 86.2533 86.2881 86.3039 86.301 86.2799 86.2416 86.1873 86.1185 86.0372 85.9453 85.845 85.7386 85.6282 85.5163 85.405 85.2964 85.1926 85.0954 85.0065 84.9274 84.8595 84.8038 84.7613 84.7326 84.7181 84.7181 
83.7843 83.7843 83.8027 83.8391 83.8932 83.9643 84.0515 84.1538 84.2699 84.3981 84.5369 84.6844 84.8384 84.9968 85.1572 85.3173 85.4745 85.6263 85.7703 85.9041 86.0255 86.1324 86.2232 86.2963 86.3507 86.3858 86.4013 86.3973 86.3745 86.3339 86.2767 86.2047 86.1198 86.0241 85.9198 85.8093 85.6949 85.5791 85.464 85.3519 85.2449 85.1447 85.0532 84.9719 84.9021 84.8449 84.8012 84.7717 84.7568 84.7568 
83.8368 83.8368 83.8557 83.8932 83.9489 84.0222 84.1121 84.2176 84.3374 84.4699 84.6134 84.766 84.9256 85.0899 85.2564 85.4228 85.5863 85.7443 85.8943 86.0337 86.1601 86.2714 86.3657 86.4414 86.4975 86.5331 86.548 86.5424 86.517 86.4728 86.4113 86.3342 86.2438 86.1421 86.0318 85.9151 85.7946 85.6728 85.5521 85.4347 85.3228 85.2182 85.1228 85.0381 84.9654 84.9059 84.8605 84.8298 84.8144 84.8144 
83.9057 83.9057 83.9253 83.9643 84.0222 84.0983 84.1919 84.3017 84.4265 84.5647 84.7145 84.8741 85.0411 85.2133 85.3882 85.563 85.7351 85.9016 86.0597 86.2068 86.3401 86.4575 86.5567 86.636 86.6943 86.7306 86.7448 86.7369 86.7078 86.6587 86.5912 86.5072 86.4092 86.2995 86.1808 86.0557 85.927 85.7972 85.6688 85.5442 85.4257 85.3152 85.2145 85.1252 85.0487 84.9861 84.9384 84.9062 84.89 84.89 
83.9903 83.9903 84.0108 84.0515 84.1121 84.1919 84.2899 84.4052 84.5362 84.6816 84.8394 85.0077 85.1842 85.3665 85.5519 85.7376 85.9206 86.0981 86.2668 86.4238 86.5662 86.6914 86.797 86.8811 86.9422 86.9795 86.9926 86.9818 86.9479 86.8923 86.817 86.7241 86.6162 86.496 86.3666 86.2307 86.0914 85.9513 85.8132 85.6796 85.5527 85.4347 85.3274 85.2324 85.1511 85.0847 85.0341 84.9999 84.9828 84.9828 
84.0894 84.0894 84.1109 84.1538 84.2176 84.3017 84.4052 84.5269 84.6655 84.8195 84.987 85.1659 85.3539 85.5485 85.7469 85.946 86.1427 86.3337 86.5156 86.6851 86.8389 86.974 87.0878 87.1779 87.2427 87.2812 87.293 87.2784 87.2384 87.1746 87.0893 86.9851 86.8648 86.7317 86.5888 86.4396 86.2872 86.1345 85.9845 85.8398 85.7028 85.5757 85.4603 85.3584 85.2714 85.2004 85.1463 85.1098 85.0915 85.0915 
84.2016 84.2016 84.2245 84.2699 84.3374 84.4265 84.5362 84.6655 84.813 84.9771 85.156 85.3475 85.5492 85.7585 85.9724 86.1876 86.4009 86.6084 86.8064 86.9913 87.1592 87.3066 87.4305 87.5281 87.5975 87.6375 87.6476 87.6283 87.5806 87.5067 87.4091 87.2908 87.1553 87.0061 86.847 86.6816 86.5134 86.3456 86.1814 86.0236 85.8746 85.7367 85.612 85.502 85.4082 85.3318 85.2737 85.2345 85.2149 85.2149 
84.3257 84.3257 84.3499 84.3981 84.4699 84.5647 84.6816 84.8195 84.9771 85.1528 85.3448 85.5508 85.7685 85.995 86.2271 86.4616 86.6945 86.9218 87.1394 87.3429 87.528 87.6906 87.827 87.9339 88.009 88.0509 88.0589 88.0336 87.9765 87.89 87.7772 87.6417 87.4877 87.3192 87.1406 86.9558 86.7689 86.5833 86.4025 86.2293 86.0664 85.9162 85.7806 85.6613 85.5598 85.4773 85.4146 85.3724 85.3512 85.3512 
84.4598 84.4598 84.4856 84.5369 84.6134 84.7145 84.8394 84.987 85.156 85.3448 85.5516 85.7742 86.0101 86.2564 86.5098 86.7667 87.0228 87.2737 87.5147 87.7407 87.9467 88.1279 88.2796 88.398 88.4802 88.5243 88.5297 88.497 88.4282 88.3262 88.1948 88.0385 87.862 87.6704 87.4685 87.261 87.0521 86.8459 86.6458 86.4551 86.2764 86.1121 85.9642 85.8345 85.7244 85.635 85.5672 85.5216 85.4987 85.4987 
84.6021 84.6021 84.6296 84.6844 84.766 84.8741 85.0077 85.1659 85.3475 85.5508 85.7742 86.0155 86.272 86.5409 86.8187 87.1014 87.3847 87.6634 87.9323 88.1854 88.4168 88.6206 88.7912 88.9238 89.0147 89.0616 89.0637 89.022 88.9386 88.8175 88.6633 88.4816 88.2783 88.0591 87.8297 87.5955 87.3613 87.1313 86.9094 86.6987 86.5022 86.3222 86.1608 86.0195 85.8998 85.8029 85.7294 85.6801 85.6553 85.6553 
84.7507 84.7507 84.78 84.8384 84.9256 85.0411 85.1842 85.3539 85.5492 85.7685 86.0101 86.272 86.5516 86.8459 87.1514 87.4639 87.7787 88.0901 88.392 88.6777 88.9399 89.1714 89.3653 89.5155 89.6173 89.6677 89.6658 89.6125 89.5111 89.3664 89.1843 88.9719 88.7362 88.4842 88.2227 87.9575 87.6941 87.4371 87.1905 86.9576 86.7413 86.544 86.3676 86.2138 86.0838 85.9786 85.899 85.8457 85.819 85.819 
84.9033 84.9033 84.9345 84.9968 85.0899 85.2133 85.3665 85.5485 85.7585 85.995 86.2564 86.5409 86.8459 87.1686 87.5053 87.8517 88.2027 88.5523 88.8934 89.2182 89.5179 89.7836 90.0065 90.1788 90.2942 90.3489 90.3418 90.2741 90.1501 89.976 89.7596 89.5097 89.2351 88.9444 88.6452 88.3443 88.0477 87.7603 87.4861 87.2287 86.9908 86.7746 86.5821 86.4147 86.2736 86.1597 86.0736 86.016 85.9871 85.9871 
85.0577 85.0577 85.0909 85.1572 85.2564 85.3882 85.5519 85.7469 85.9724 86.2271 86.5098 86.8187 87.1514 87.5053 87.8767 88.2615 88.6541 89.0481 89.4356 89.8074 90.1529 90.461 90.7203 90.9204 91.053 91.1132 91.0994 91.0135 90.8609 90.6499 90.3909 90.0952 89.7739 89.4373 89.0943 88.7526 88.4185 88.0971 87.7927 87.5085 87.2472 87.0108 86.8011 86.6194 86.4665 86.3434 86.2506 86.1885 86.1574 86.1574 
85.2116 85.2116 85.2469 85.3173 85.4228 85.563 85.7376 85.946 86.1876 86.4616 86.7667 87.1014 87.4639 87.8517 88.2615 88.689 89.129 89.5744 90.0167 90.4451 90.847 91.2082 91.5137 91.7493 91.904 91.9711 91.9487 91.8394 91.6501 91.3923 91.08 90.7282 90.3507 89.96 89.5663 89.1781 88.8021 88.4434 88.106 87.793 87.5068 87.2491 87.0214 86.8246 86.6597 86.5271 86.4273 86.3606 86.3272 86.3272 
85.3626 85.3626 85.3999 85.4745 85.5863 85.7351 85.9206 86.1427 86.4009 86.6945 87.0228 87.3847 87.7787 88.2027 88.6541 89.129 89.6222 90.1268 90.6335 91.1302 91.6019 92.0304 92.3955 92.6774 92.8603 92.936 92.9027 92.7633 92.5263 92.2081 91.8284 91.4071 90.962 90.5077 90.0558 89.6154 89.1931 88.7938 88.4212 88.0777 87.7654 87.4856 87.2394 87.0273 86.85 86.7078 86.6009 86.5296 86.4939 86.4939 
85.5083 85.5083 85.5477 85.6263 85.7443 85.9016 86.0981 86.3337 86.6084 86.9218 87.2737 87.6634 88.0901 88.5523 89.0481 89.5744 90.1268 90.6986 91.2807 91.8599 92.4184 92.9334 93.3772 93.7206 93.9393 94.0255 93.9785 93.8004 93.5003 93.1026 92.6365 92.129 91.6024 91.0738 90.5559 90.0576 89.585 89.1424 88.7327 88.3577 88.0186 87.7164 87.4514 87.2239 87.0343 86.8825 86.7686 86.6927 86.6548 86.6548 
85.6465 85.6465 85.6878 85.7703 85.8943 86.0597 86.2668 86.5156 86.8064 87.1394 87.5147 87.9323 88.392 88.8934 89.4356 90.0167 90.6335 91.2807 91.95 92.628 93.2951 93.923 94.4739 94.9022 95.1643 95.2613 95.1987 94.9733 94.5861 94.0807 93.5022 92.8872 92.2632 91.649 91.0573 90.4959 89.9699 89.4822 89.0344 88.6274 88.2616 87.937 87.6535 87.4111 87.2094 87.0484 86.9277 86.8474 86.8072 86.8072 
85.7748 85.7748 85.8179 85.9041 86.0337 86.2068 86.4238 86.6851 86.9913 87.3429 87.7407 88.1854 88.6777 89.2182 89.8074 90.4451 91.1302 91.8599 92.628 93.4233 94.2258 95.0029 95.7052 96.2613 96.565 96.667 96.5921 96.3193 95.8018 95.145 94.4186 93.6703 92.9313 92.2203 91.548 90.9199 90.3387 89.8053 89.3196 88.8811 88.4893 88.1432 87.8421 87.5853 87.3723 87.2025 87.0754 86.9909 86.9487 86.9487 
85.8913 85.8913 85.936 86.0255 86.1601 86.3401 86.5662 86.8389 87.1592 87.528 87.9467 88.4168 88.9399 89.5179 90.1529 90.847 91.6019 92.4184 93.2951 94.2258 95.1946 96.1686 97.0923 97.8809 98.1748 98.2572 98.1908 97.918 97.1663 96.2895 95.3692 94.4581 93.5869 92.7701 92.0131 91.3172 90.6812 90.1032 89.5812 89.1129 88.6966 88.3306 88.0132 87.7433 87.5199 87.3421 87.2093 87.121 87.077 87.077 
85.994 85.994 86.0401 86.1324 86.2714 86.4575 86.6914 86.974 87.3066 87.6906 88.1279 88.6206 89.1714 89.7836 90.461 91.2082 92.0304 92.9334 93.923 95.0029 96.1686 97.3932 98.6206 100 100 100 100 100 98.6622 97.4856 96.3208 95.2184 94.2023 93.2759 92.435 91.6737 90.9862 90.3671 89.812 89.3169 88.8789 88.4951 88.1634 87.882 87.6495 87.4648 87.327 87.2354 87.1898 87.1898 
86.0813 86.0813 86.1285 86.2232 86.3657 86.5567 86.797 87.0878 87.4305 87.827 88.2796 88.7912 89.3653 90.0065 90.7203 91.5137 92.3955 93.3772 94.4739 95.7052 97.0923 98.6206 100 100 100 100 100 100 100 98.6752 97.2183 95.9029 94.7408 93.711 92.794 91.975 91.2427 90.5884 90.0052 89.4877 89.0315 88.633 88.2895 87.9987 87.7588 87.5684 87.4265 87.3323 87.2853 87.2853 
86.1518 86.1518 86.1999 86.2963 86.4414 86.636 86.8811 87.1779 87.5281 87.9339 88.398 88.9238 89.5155 90.1788 90.9204 91.7493 92.6774 93.7206 94.9022 96.2613 97.8809 100 100 100 100 100 100 100 100 100 97.9805 96.4432 95.1588 94.0473 93.071 92.2073 91.4406 90.7594 90.1549 89.6204 89.1506 88.7412 88.3889 88.0911 87.8457 87.6511 87.5062 87.41 87.3621 87.3621 
86.2047 86.2047 86.2533 86.3507 86.4975 86.6943 86.9422 87.2427 87.5975 88.009 88.4802 89.0147 89.6173 90.2942 91.053 91.904 92.8603 93.9393 95.1643 96.565 98.1748 100 100 100 100 100 100 100 100 100 98.265 96.7384 95.4145 94.2615 93.2508 92.3599 91.5719 90.8741 90.2565 89.7116 89.2334 88.8173 88.4596 88.1575 87.9087 87.7116 87.5648 87.4675 87.4189 87.4189 
86.2393 86.2393 86.2881 86.3858 86.5331 86.7306 86.9795 87.2812 87.6375 88.0509 88.5243 89.0616 89.6677 90.3489 91.1132 91.9711 92.936 94.0255 95.2613 96.667 98.2572 100 100 100 100 100 100 100 100 100 98.3451 96.8379 95.5095 94.3463 93.3256 92.4264 91.6319 90.9288 90.3071 89.7588 89.278 88.8597 88.5003 88.1968 87.947 87.749 87.6016 87.5039 87.4552 87.4552 
86.2553 86.2553 86.3039 86.4013 86.548 86.7448 86.9926 87.293 87.6476 88.0589 88.5297 89.0637 89.6658 90.3418 91.0994 91.9487 92.9027 93.9785 95.1987 96.5921 98.1908 100 100 100 100 100 100 100 100 100 98.2812 96.7657 95.4492 94.3012 93.2937 92.4052 91.619 90.9224 90.3057 89.7614 89.2837 88.868 88.5106 88.2087 87.9601 87.7631 87.6164 87.5191 87.4705 87.4705 
86.2529 86.2529 86.301 86.3973 86.5424 86.7369 86.9818 87.2784 87.6283 88.0336 88.497 89.022 89.6125 90.2741 91.0135 91.8394 92.7633 93.8004 94.9733 96.3193 97.918 100 100 100 100 100 100 100 100 100 98.0179 96.5017 95.2306 94.128 93.1579 92.2985 91.535 90.8561 90.2534 89.7202 89.2514 88.8427 88.4909 88.1935 87.9484 87.754 87.6092 87.5132 87.4653 87.4653 
86.2327 86.2327 86.2799 86.3745 86.517 86.7078 86.9479 87.2384 87.5806 87.9765 88.4282 88.9386 89.5111 90.1501 90.8609 91.6501 92.5263 93.5003 94.5861 95.8018 97.1663 98.6622 100 100 100 100 100 100 100 98.7172 97.293 96.0004 94.8542 93.8354 92.9264 92.1132 91.3852 90.734 90.1533 89.6375 89.1827 88.7852 88.4425 88.1522 87.9127 87.7226 87.5809 87.4868 87.4399 87.4399 
86.1955 86.1955 86.2416 86.3339 86.4728 86.6587 86.8923 87.1746 87.5067 87.89 88.3262 88.8175 89.3664 89.976 90.6499 91.3923 92.2081 93.1026 94.0807 95.145 96.2895 97.4856 98.6752 100 100 100 100 100 98.7172 97.5786 96.4426 95.3617 94.3615 93.4469 92.6148 91.8601 91.1776 90.5622 90.0099 89.5171 89.0806 88.698 88.3673 88.0866 87.8546 87.6702 87.5326 87.4412 87.3956 87.3956 
86.1426 86.1426 86.1873 86.2767 86.4113 86.5912 86.817 87.0893 87.4091 87.7772 88.1948 88.6633 89.1843 89.7596 90.3909 91.08 91.8284 92.6365 93.5022 94.4186 95.3692 96.3208 97.2183 97.9805 98.265 98.3451 98.2812 98.0179 97.293 96.4426 95.5451 94.6525 93.7959 92.9904 92.2423 91.5531 90.9223 90.3483 89.8294 89.3635 88.949 88.5842 88.2678 87.9987 87.7758 87.5983 87.4658 87.3776 87.3337 87.3337 
86.0755 86.0755 86.1185 86.2047 86.3342 86.5072 86.7241 86.9851 87.2908 87.6417 88.0385 88.4816 88.9719 89.5097 90.0952 90.7282 91.4071 92.129 92.8872 93.6703 94.4581 95.2184 95.9029 96.4432 96.7384 96.8379 96.7657 96.5017 96.0004 95.3617 94.6525 93.9193 93.1929 92.4922 91.8281 91.2065 90.6304 90.101 89.6183 89.1822 88.7921 88.4474 88.1473 87.8912 87.6787 87.5092 87.3824 87.2981 87.2559 87.2559 
85.996 85.996 86.0372 86.1198 86.2438 86.4092 86.6162 86.8648 87.1553 87.4877 87.862 88.2783 88.7362 89.2351 89.7739 90.3507 90.962 91.6024 92.2632 92.9313 93.5869 94.2023 94.7408 95.1588 95.4145 95.5095 95.4492 95.2306 94.8542 94.3615 93.7959 93.1929 92.5793 91.9739 91.3895 90.834 90.3128 89.8287 89.3838 88.9791 88.6149 88.2916 88.009 87.7672 87.566 87.4052 87.2848 87.2045 87.1644 87.1644 
