10 10 10 10 10 10 10 10 10 10 10 10 10 10 10 10 10 10 10 10 10 10 10 10 10 10 10 10 10 10 10 10 10 10 10 10 10 10 10 10 10 10 10 10 10 10 10 10 10 10 
10 10 10 10 10 10 10 10 10 10 10 10 10 10 10 10 10 10 10 10 10 10 10 10 10 10 10 10 10 10 10 10 10 10 10 10 10 10 10 10 10 10 10 10 10 10 10 10 10 10 
10 10 10 10 10 10 10 10 10 10 10 10 10 10 10 10 10 10 10 10 10 10 10 10 10 10 10 10 10 10 10 10 10 10 10 10 10 10 10 10 10 10 10 10 10 10 10 10 10 10 
10 10 10 10 10 10 10 10 10 10 10 10 10 10 10 10 10 10 10 10 10 10 10 10 10 10 10 10 10 10 10 10 10 10 10 10 10 10 10 10 10 10 10 10 10 10 10 10 10 10 
10 10 10 10 10 10 10 10 10 10 10 10 10 10 10 10 10 10 10 10 10 10 10 10 10 10 10 10 10 10 10 10 10 10 10 10 10 10 10 10 10 10 10 10 10 10 10 10 10 10 
10 10 10 10 10 10 10 10 10 10 10 10 10 10 10 10 10 10 10 10 10 10 10 10 10 10 10 10 10 10 10 10 10 10 10 10 10 10 10 10 10 10 10 10 10 10 10 10 10 10 
10 10 10 10 10 10 10 10 10 10 10 10 10 10 10 10 10 10 10 10 10 10 10 10 10 10 10 10 10 10 10 10 10 10 10 10 10 10 10 10 10 10 10 10 10 10 10 10 10 10 
10 10 10 10 10 10 10 10 10 10 10 10 10 10 10 10 10 10 10 10 10 10 10 10 10 10 10 10 10 10 10 10 10 10 10 10 10 10 10 10 10 10 10 10 10 10 10 10 10 10 
10 10 10 10 10 10 10 10 10 10 10 10 10 10 10 10 10 10 10 10 10 10 10 10 10 10 10 10 10 10 10 10 10 10 10 10 10 10 10 10 10 10 10 10 10 10 10 10 10 10 
10 10 10 10 10 10 10 10 10 10 10 10 10 10 10 10 10 10 10 10 10 10 10 10 10 10 10 10 10 10 10 10 10 10 10 10 10 10 10 10 10 10 10 10 10 10 10 10 10 10 
10 10 10 10 10 10 10 10 10 10 10 10 10 10 10 10 10 10 10 10 10 10 10 10 10 10 10 10 10 10 10 10 10 10 10 10 10 10 10 10 10 10 10 10 10 10 10 10 10 10 
10 10 10 10 10 10 10 10 10 10 10 10 10 10 10 10 10 10 10 10 10 10 10 10 10 10 10 10 10 10 10 10 10 10 10 10 10 10 10 10 10 10 10 10 10 10 10 10 10 10 
10 10 10 10 10 10 10 10 10 10 10 10 10 10 10 10 10 10 10 10 10 10 10 10 10 10 10 10 10 10 10 10 10 10 10 10 10 10 10 10 10 10 10 10 10 10 10 10 10 10 
10 10 10 10 10 10 10 10 10 10 10 10 10 10 10 10 10 10 10 10 10 10 10 10 10 10 10 10 10 10 10 10 10 10 10 10 10 10 10 10 10 10 10 10 10 10 10 10 10 10 
10 10 10 10 10 10 10 10 10 10 10 10 10 10 10 10 10 10 10 10 10 10 10 10 10 10 10 10 10 10 10 10 10 10 10 10 10 10 10 10 10 10 10 10 10 10 10 10 10 10 
10 10 10 10 10 10 10 10 10 10 10 10 10 10 10 10 10 10 10 10 10 10 10 10 10 10 10 10 10 10 10 10 10 10 10 10 10 10 10 10 10 10 10 10 10 10 10 10 10 10 
10 10 10 10 10 10 10 10 10 10 10 10 10 10 10 10 10 10 10 10 10 10 10 10 10 10 10 10 10 10 10 10 10 10 10 10 10 10 10 10 10 10 10 10 10 10 10 10 10 10 
10 10 10 10 10 10 10 10 10 10 10 10 10 10 10 10 10 10 10 10 10 10 10 10 10 10 10 10 10 10 10 10 10 10 10 10 10 10 10 10 10 10 10 10 10 10 10 10 10 10 
10 10 10 10 10 10 10 10 10 10 10 10 10 10 10 10 10 10 10 10 10 10 10 10 10 10 10 10 10 10 10 10 10 10 10 10 10 10 10 10 10 10 10 10 10 10 10 10 10 10 
10 10 10 10 10 10 10 10 10 10 10 10 10 10 10 10 10 10 10 10 10 10 10 10 10 10 10 10 10 10 10 10 10 10 10 10 10 10 10 10 10 10 10 10 10 10 10 10 10 10 
10 10 10 10 10 10 10 10 10 10 10 10 10 10 10 10 10 10 10 10 10 10 10 10 10 10 10 10 10 10 10 10 10 10 10 10 10 10 10 10 10 10 10 10 10 10 10 10 10 10 
10 10 10 10 10 10 10 10 10 10 10 10 10 10 10 10 10 10 10 10 10 10 10 100 100 100 100 100 10 10 10 10 10 10 10 10 10 10 10 10 10 10 10 10 10 10 10 10 10 10 
10 10 10 10 10 10 10 10 10 10 10 10 10 10 10 10 10 10 10 10 10 10 100 100 100 100 100 100 100 10 10 10 10 10 10 10 10 10 10 10 10 10 10 10 10 10 10 10 10 10 
10 10 10 10 10 10 10 10 10 10 10 10 10 10 10 10 10 10 10 10 10 100 100 100 100 100 100 100 100 100 10 10 10 10 10 10 10 10 10 10 10 10 10 10 10 10 10 10 10 10 
10 10 10 10 10 10 10 10 10 10 10 10 10 10 10 10 10 10 10 10 10 100 100 100 100 100 100 100 100 100 10 10 10 10 10 10 10 10 10 10 10 10 10 10 10 10 10 10 10 10 
10 10 10 10 10 10 10 10 10 10 10 10 10 10 10 10 10 10 10 10 10 100 100 100 100 100 100 100 100 100 10 10 10 10 10 10 10 10 10 10 10 10 10 10 10 10 10 10 10 10 
10 10 10 10 10 10 10 10 10 10 10 10 10 10 10 10 10 10 10 10 10 100 100 100 100 100 100 100 100 100 10 10 10 10 10 10 10 10 10 10 10 10 10 10 10 10 10 10 10 10 
10 10 10 10 10 10 10 10 10 10 10 10 10 10 10 10 10 10 10 10 10 100 100 100 100 100 100 100 100 100 10 10 10 10 10 10 10 10 10 10 10 10 10 10 10 10 10 10 10 10 
10 10 10 10 10 10 10 10 10 10 10 10 10 10 10 10 10 10 10 10 10 10 100 100 100 100 100 100 100 10 10 10 10 10 10 10 10 10 10 10 10 10 10 10 10 10 10 10 10 10 
10 10 10 10 10 10 10 10 10 10 10 10 10 10 10 10 10 10 10 10 10 10 10 100 100 100 100 100 10 10 10 10 10 10 10 10 10 10 10 10 10 10 10 10 10 10 10 10 10 10 
10 10 10 10 10 10 10 10 10 10 10 10 10 10 10 10 10 10 10 10 10 10 10 10 10 10 10 10 10 10 10 10 10 10 10 10 10 10 10 10 10 10 10 10 10 10 10 10 10 10 
10 10 10 10 10 10 10 10 10 10 10 10 10 10 10 10 10 10 10 10 10 10 10 10 10 10 10 10 10 10 10 10 10 10 10 10 10 10 10 10 10 10 10 10 10 10 10 10 10 10 
10 10 10 10 10 10 10 10 10 10 10 10 10 10 10 10 10 10 10 10 10 10 10 10 10 10 10 10 10 10 10 10 10 10 10 10 10 10 10 10 10 10 10 10 10 10 10 10 10 10 
10 10 10 10 10 10 10 10 10 10 10 10 10 10 10 10 10 10 10 10 10 10 10 10 10 10 10 10 10 10 10 10 10 10 10 10 10 10 10 10 10 10 10 10 10 10 10 10 10 10 
10 10 10 10 10 10 10 10 10 10 10 10 10 10 10 10 10 10 10 10 10 10 10 10 10 10 10 10 10 10 10 10 10 10 10 10 10 10 10 10 10 10 10 10 10 10 10 10 10 10 
10 10 10 10 10 10 10 10 10 10 10 10 10 10 10 10 10 10 10 10 10 10 10 10 10 10 10 10 10 10 10 10 10 10 10 10 10 10 10 10 10 10 10 10 10 10 10 10 10 10 
10 10 10 10 10 10 10 10 10 10 10 10 10 10 10 10 10 10 10 10 10 10 10 10 10 10 10 10 10 10 10 10 10 10 10 10 10 10 10 10 10 10 10 10 10 10 10 10 10 10 
10 10 10 10 10 10 10 10 10 10 10 10 10 10 10 10 10 10 10 10 10 10 10 10 10 10 10 10 10 10 10 10 10 10 10 10 10 10 10 10 10 10 10 10 10 10 10 10 10 10 
10 10 10 10 10 10 10 10 10 10 10 10 10 10 10 10 10 10 10 10 10 10 10 10 10 10 10 10 10 10 10 10 10 10 10 10 10 10 10 10 10 10 10 10 10 10 10 10 10 10 
10 10 10 10 10 10 10 10 10 10 10 10 10 10 10 10 10 10 10 10 10 10 10 10 10 10 10 10 10 10 10 10 10 10 10 10 10 10 10 10 10 10 10 10 10 10 10 10 10 10 
10 10 10 10 10 10 10 10 10 10 10 10 10 10 10 10 10 10 10 10 10 10 10 10 10 10 10 10 10 10 10 10 10 10 10 10 10 10 10 10 10 10 10 10 10 10 10 10 10 10 
10 10 10 10 10 10 10 10 10 10 10 10 10 10 10 10 10 10 10 10 10 10 10 10 10 10 10 10 10 10 10 10 10 10 10 10 10 10 10 10 10 10 10 10 10 10 10 10 10 10 
10 10 10 10 10 10 10 10 10 10 10 10 10 10 10 10 10 10 10 10 10 10 10 10 10 10 10 10 10 10 10 10 10 10 10 10 10 10 10 10 10 10 10 10 10 10 10 10 10 10 
10 10 10 10 10 10 10 10 10 10 10 10 10 10 10 10 10 10 10 10 10 10 10 10 10 10 10 10 10 10 10 10 10 10 10 10 10 10 10 10 10 10 10 10 10 10 10 10 10 10 
10 10 10 10 10 10 10 10 10 10 10 10 10 10 10 10 10 10 10 10 10 10 10 10 10 10 10 10 10 10 10 10 10 10 10 10 10 10 10 10 10 10 10 10 10 10 10 10 10 10 
10 10 10 10 10 10 10 10 10 10 10 10 10 10 10 10 10 10 10 10 10 10 10 10 10 10 10 10 10 10 10 10 10 10 10 10 10 10 10 10 10 10 10 10 10 10 10 10 10 10 
10 10 10 10 10 10 10 10 10 10 10 10 10 10 10 10 10 10 10 10 10 10 10 10 10 10 10 10 10 10 10 10 10 10 10 10 10 10 10 10 10 10 10 10 10 10 10 10 10 10 
10 10 10 10 10 10 10 10 10 10 10 10 10 10 10 10 10 10 10 10 10 10 10 10 10 10 10 10 10 10 10 10 10 10 10 10 10 10 10 10 10 10 10 10 10 10 10 10 10 10 
10 10 10 10 10 10 10 10 10 10 10 10 10 10 10 10 10 10 10 10 10 10 10 10 10 10 10 10 10 10 10 10 10 10 10 10 10 10 10 10 10 10 10 10 10 10 10 10 10 10 
10 10 10 10 10 10 10 10 10 10 10 10 10 10 10 10 10 10 10 10 10 10 10 10 10 10 10 10 10 10 10 10 10 10 10 10 10 10 10 10 10 10 10 10 10 10 10 10 10 10 
10 10 10 10 10 10 10 10 10 10 10 10 10 10.0001 10.0001 10.0002 10.0003 10.0004 10.0005 10.0007 10.001 10.0012 10.0014 10.0015 10.0016 10.0017 10.0016 10.0015 10.0014 10.0012 10.001 10.0007 10.0005 10.0004 10.0003 10.0002 10.0001 10.0001 10 10 10 10 10 10 10 10 10 10 10 10 
10 10 10 10 10 10 10 10 10 10 10 10 10 10 10.0001 10.0001 10.0002 10.0003 10.0004 10.0005 10.0006 10.0008 10.0009 10.001 10.0011 10.0011 10.0011 10.001 10.0009 10.0008 10.0006 10.0005 10.0004 10.0003 10.0002 10.0001 10.0001 10 10 10 10 10 10 10 10 10 10 10 10 10 
10 10 10 10 10 10 10 10 10 10 10 10 10 10.0001 10.0001 10.0002 10.0003 10.0004 10.0005 10.0007 10.001 10.0012 10.0014 10.0015 10.0016 10.0017 10.0016 10.0015 10.0014 10.0012 10.001 10.0007 10.0005 10.0004 10.0003 10.0002 10.0001 10.0001 10 10 10 10 10 10 10 10 10 10 10 10 
10 10 10 10 10 10 10 10 10 10 10 10 10.0001 10.0001 10.0002 10.0004 10.0006 10.0009 10.0013 10.0017 10.0022 10.0027 10.0031 10.0035 10.0038 10.0039 10.0038 10.0035 10.0031 10.0027 10.0022 10.0017 10.0013 10.0009 10.0006 10.0004 10.0002 10.0001 10.0001 10 10 10 10 10 10 10 10 10 10 10 
10 10 10 10 10 10 10 10 10 10 10.0001 10.0001 10.0002 10.0004 10.0006 10.001 10.0015 10.0022 10.0031 10.0041 10.0053 10.0065 10.0076 10.0085 10.0091 10.0093 10.0091 10.0085 10.0076 10.0065 10.0053 10.0041 10.0031 10.0022 10.0015 10.001 10.0006 10.0004 10.0002 10.0001 10.0001 10 10 10 10 10 10 10 10 10 
10 10 10 10 10 10 10 10 10 10.0001 10.0001 10.0003 10.0005 10.0009 10.0014 10.0023 10.0036 10.0052 10.0073 10.0098 10.0125 10.0153 10.0179 10.02 10.0213 10.0218 10.0213 10.02 10.0179 10.0153 10.0125 10.0098 10.0073 10.0052 10.0036 10.0023 10.0014 10.0009 10.0005 10.0003 10.0001 10.0001 10 10 10 10 10 10 10 10 
10 10 10 10 10 10 10 10 10.0001 10.0002 10.0003 10.0006 10.0011 10.002 10.0033 10.0053 10.0081 10.0119 10.0166 10.0222 10.0284 10.0346 10.0404 10.0451 10.0482 10.0492 10.0482 10.0451 10.0404 10.0346 10.0284 10.0222 10.0166 10.0119 10.0081 10.0053 10.0033 10.002 10.0011 10.0006 10.0003 10.0002 10.0001 10 10 10 10 10 10 10 
10 10 10 10 10 10 10 10.0001 10.0002 10.0004 10.0007 10.0014 10.0025 10.0044 10.0073 10.0117 10.0179 10.0261 10.0363 10.0484 10.0617 10.0752 10.0877 10.0978 10.1044 10.1067 10.1044 10.0978 10.0877 10.0752 10.0617 10.0484 10.0363 10.0261 10.0179 10.0117 10.0073 10.0044 10.0025 10.0014 10.0007 10.0004 10.0002 10.0001 10 10 10 10 10 10 
10 10 10 10 10 10 10.0001 10.0002 10.0004 10.0008 10.0015 10.0029 10.0054 10.0093 10.0155 10.0247 10.0376 10.0548 10.0762 10.1013 10.1289 10.1568 10.1826 10.2036 10.2172 10.222 10.2172 10.2036 10.1826 10.1568 10.1289 10.1013 10.0762 10.0548 10.0376 10.0247 10.0155 10.0093 10.0054 10.0029 10.0015 10.0008 10.0004 10.0002 10.0001 10 10 10 10 10 
10 10 10 10 10 10.0001 10.0002 10.0004 10.0008 10.0016 10.0032 10.006 10.011 10.019 10.0316 10.0501 10.076 10.1103 10.1532 10.2034 10.2583 10.314 10.3653 10.4069 10.434 10.4434 10.434 10.4069 10.3653 10.314 10.2583 10.2034 10.1532 10.1103 10.076 10.0501 10.0316 10.019 10.011 10.006 10.0032 10.0016 10.0008 10.0004 10.0002 10.0001 10 10 10 10 
10 10 10 10 10.0001 10.0001 10.0003 10.0007 10.0015 10.0032 10.0063 10.0119 10.0215 10.0371 10.0614 10.0972 10.1472 10.2132 10.2955 10.3917 10.4969 10.6034 10.7014 10.7807 10.8324 10.8504 10.8324 10.7807 10.7014 10.6034 10.4969 10.3917 10.2955 10.2132 10.1472 10.0972 10.0614 10.0371 10.0215 10.0119 10.0063 10.0032 10.0015 10.0007 10.0003 10.0001 10.0001 10 10 10 
10 10 10 10 10.0001 10.0003 10.0006 10.0014 10.0029 10.006 10.0119 10.0223 10.0403 10.0694 10.1145 10.1809 10.2733 10.3952 10.5468 10.724 10.9176 11.1133 11.2932 11.4388 11.5336 11.5666 11.5336 11.4388 11.2932 11.1133 10.9176 10.724 10.5468 10.3952 10.2733 10.1809 10.1145 10.0694 10.0403 10.0223 10.0119 10.006 10.0029 10.0014 10.0006 10.0003 10.0001 10 10 10 
10 10 10 10.0001 10.0002 10.0005 10.0011 10.0025 10.0054 10.011 10.0215 10.0403 10.0723 10.1243 10.2047 10.3225 10.4865 10.7024 10.9708 11.2845 11.6269 11.9728 12.2907 12.5476 12.7149 12.7729 12.7149 12.5476 12.2907 11.9728 11.6269 11.2845 10.9708 10.7024 10.4865 10.3225 10.2047 10.1243 10.0723 10.0403 10.0215 10.011 10.0054 10.0025 10.0011 10.0005 10.0002 10.0001 10 10 
10.0001 10 10.0001 10.0001 10.0004 10.0009 10.002 10.0044 10.0093 10.019 10.0371 10.0694 10.1243 10.2133 10.3503 10.5511 10.8302 11.1976 11.6542 12.1877 12.7703 13.3588 13.8997 14.3365 14.6204 14.7188 14.6204 14.3365 13.8997 13.3588 12.7703 12.1877 11.6542 11.1976 10.8302 10.5511 10.3503 10.2133 10.1243 10.0694 10.0371 10.019 10.0093 10.0044 10.002 10.0009 10.0004 10.0001 10.0001 10 
10.0001 10.0001 10.0001 10.0002 10.0006 10.0014 10.0033 10.0073 10.0155 10.0316 10.0614 10.1145 10.2047 10.3503 10.5746 10.9027 11.3586 11.9588 12.7051 13.5782 14.5327 15.4979 16.385 17.1009 17.5654 17.7262 17.5654 17.1009 16.385 15.4979 14.5327 13.5782 12.7051 11.9588 11.3586 10.9027 10.5746 10.3503 10.2047 10.1145 10.0614 10.0316 10.0155 10.0073 10.0033 10.0014 10.0006 10.0002 10.0001 10.0001 
10.0002 10.0001 10.0002 10.0004 10.001 10.0023 10.0053 10.0117 10.0247 10.0501 10.0972 10.1809 10.3225 10.5511 10.9027 11.4169 12.1318 13.0737 14.2471 15.6226 17.13 18.6577 20.0633 21.1967 21.9296 22.1826 21.9296 21.1967 20.0633 18.6577 17.13 15.6226 14.2471 13.0737 12.1318 11.4169 10.9027 10.5511 10.3225 10.1809 10.0972 10.0501 10.0247 10.0117 10.0053 10.0023 10.001 10.0004 10.0002 10.0001 
10.0003 10.0002 10.0003 10.0006 10.0015 10.0036 10.0081 10.0179 10.0376 10.076 10.1472 10.2733 10.4865 10.8302 11.3586 12.1318 13.2076 14.6282 16.4028 18.491 20.7891 23.1276 25.2849 27.0222 28.1378 28.5205 28.1378 27.0222 25.2849 23.1276 20.7891 18.491 16.4028 14.6282 13.2076 12.1318 11.3586 10.8302 10.4865 10.2733 10.1472 10.076 10.0376 10.0179 10.0081 10.0036 10.0015 10.0006 10.0003 10.0002 
10.0004 10.0003 10.0004 10.0009 10.0022 10.0052 10.0119 10.0261 10.0548 10.1103 10.2132 10.3952 10.7024 11.1976 11.9588 13.0737 14.6282 16.687 19.2704 22.3275 25.7146 29.1856 32.4048 34.994 36.6292 37.1827 36.6292 34.994 32.4048 29.1856 25.7146 22.3275 19.2704 16.687 14.6282 13.0737 11.9588 11.1976 10.7024 10.3952 10.2132 10.1103 10.0548 10.0261 10.0119 10.0052 10.0022 10.0009 10.0004 10.0003 
10.0005 10.0004 10.0005 10.0013 10.0031 10.0073 10.0166 10.0363 10.0762 10.1532 10.2955 10.5468 10.9708 11.6542 12.7051 14.2471 16.4028 19.2704 22.8905 27.2092 32.0426 37.0532 41.7502 45.5312 47.8194 48.5706 47.8194 45.5312 41.7502 37.0532 32.0426 27.2092 22.8905 19.2704 16.4028 14.2471 12.7051 11.6542 10.9708 10.5468 10.2955 10.1532 10.0762 10.0363 10.0166 10.0073 10.0031 10.0013 10.0005 10.0004 
10.0007 10.0005 10.0007 10.0017 10.0041 10.0098 10.0222 10.0484 10.1013 10.2034 10.3917 10.724 11.2845 12.1877 13.5782 15.6226 18.491 22.3275 27.2092 33.0967 39.7807 46.8346 53.5873 59.099 62.0589 62.9648 62.0589 59.099 53.5873 46.8346 39.7807 33.0967 27.2092 22.3275 18.491 15.6226 13.5782 12.1877 11.2845 10.724 10.3917 10.2034 10.1013 10.0484 10.0222 10.0098 10.0041 10.0017 10.0007 10.0005 
10.001 10.0006 10.001 10.0022 10.0053 10.0125 10.0284 10.0617 10.1289 10.2583 10.4969 10.9176 11.6269 12.7703 14.5327 17.13 20.7891 25.7146 32.0426 39.7807 48.7338 58.4233 68.0506 76.4839 79.5535 80.3529 79.5535 76.4839 68.0506 58.4233 48.7338 39.7807 32.0426 25.7146 20.7891 17.13 14.5327 12.7703 11.6269 10.9176 10.4969 10.2583 10.1289 10.0617 10.0284 10.0125 10.0053 10.0022 10.001 10.0006 
10.0012 10.0008 10.0012 10.0027 10.0065 10.0153 10.0346 10.0752 10.1568 10.314 10.6034 11.1133 11.9728 13.3588 15.4979 18.6577 23.1276 29.1856 37.0532 46.8346 58.4233 71.3442 84.7235 100 100 100 100 100 84.7235 71.3442 58.4233 46.8346 37.0532 29.1856 23.1276 18.6577 15.4979 13.3588 11.9728 11.1133 10.6034 10.314 10.1568 10.0752 10.0346 10.0153 10.0065 10.0027 10.0012 10.0008 
10.0014 10.0009 10.0014 10.0031 10.0076 10.0179 10.0404 10.0877 10.1826 10.3653 10.7014 11.2932 12.2907 13.8997 16.385 20.0633 25.2849 32.4048 41.7502 53.5873 68.0506 84.7235 100 100 100 100 100 100 100 84.7235 68.0506 53.5873 41.7502 32.4048 25.2849 20.0633 16.385 13.8997 12.2907 11.2932 10.7014 10.3653 10.1826 10.0877 10.0404 10.0179 10.0076 10.0031 10.0014 10.0009 
10.0015 10.001 10.0015 10.0035 10.0085 10.02 10.0451 10.0978 10.2036 10.4069 10.7807 11.4388 12.5476 14.3365 17.1009 21.1967 27.0222 34.994 45.5312 59.099 76.4839 100 100 100 100 100 100 100 100 100 76.4839 59.099 45.5312 34.994 27.0222 21.1967 17.1009 14.3365 12.5476 11.4388 10.7807 10.4069 10.2036 10.0978 10.0451 10.02 10.0085 10.0035 10.0015 10.001 
10.0016 10.0011 10.0016 10.0038 10.0091 10.0213 10.0482 10.1044 10.2172 10.434 10.8324 11.5336 12.7149 14.6204 17.5654 21.9296 28.1378 36.6292 47.8194 62.0589 79.5535 100 100 100 100 100 100 100 100 100 79.5535 62.0589 47.8194 36.6292 28.1378 21.9296 17.5654 14.6204 12.7149 11.5336 10.8324 10.434 10.2172 10.1044 10.0482 10.0213 10.0091 10.0038 10.0016 10.0011 
10.0017 10.0011 10.0017 10.0039 10.0093 10.0218 10.0492 10.1067 10.222 10.4434 10.8504 11.5666 12.7729 14.7188 17.7262 22.1826 28.5205 37.1827 48.5706 62.9648 80.3529 100 100 100 100 100 100 100 100 100 80.3529 62.9648 48.5706 37.1827 28.5205 22.1826 17.7262 14.7188 12.7729 11.5666 10.8504 10.4434 10.222 10.1067 10.0492 10.0218 10.0093 10.0039 10.0017 10.0011 
10.0016 10.0011 10.0016 10.0038 10.0091 10.0213 10.0482 10.1044 10.2172 10.434 10.8324 11.5336 12.7149 14.6204 17.5654 21.9296 28.1378 36.6292 47.8194 62.0589 79.5535 100 100 100 100 100 100 100 100 100 79.5535 62.0589 47.8194 36.6292 28.1378 21.9296 17.5654 14.6204 12.7149 11.5336 10.8324 10.434 10.2172 10.1044 10.0482 10.0213 10.0091 10.0038 10.0016 10.0011 
10.0015 10.001 10.0015 10.0035 10.0085 10.02 10.0451 10.0978 10.2036 10.4069 10.7807 11.4388 12.5476 14.3365 17.1009 21.1967 27.0222 34.994 45.5312 59.099 76.4839 100 100 100 100 100 100 100 100 100 76.4839 59.099 45.5312 34.994 27.0222 21.1967 17.1009 14.3365 12.5476 11.4388 10.7807 10.4069 10.2036 10.0978 10.0451 10.02 10.0085 10.0035 10.0015 10.001 
10.0014 10.0009 10.0014 10.0031 10.0076 10.0179 10.0404 10.0877 10.1826 10.3653 10.7014 11.2932 12.2907 13.8997 16.385 20.0633 25.2849 32.4048 41.7502 53.5873 68.0506 84.7235 100 100 100 100 100 100 100 84.7235 68.0506 53.5873 41.7502 32.4048 25.2849 20.0633 16.385 13.8997 12.2907 11.2932 10.7014 10.3653 10.1826 10.0877 10.0404 10.0179 10.0076 10.0031 10.0014 10.0009 
10.0012 10.0008 10.0012 10.0027 10.0065 10.0153 10.0346 10.0752 10.1568 10.314 10.6034 11.1133 11.9728 13.3588 15.4979 18.6577 23.1276 29.1856 37.0532 46.8346 58.4233 71.3442 84.7235 100 100 100 100 100 84.7235 71.3442 58.4233 46.8346 37.0532 29.1856 23.1276 18.6577 15.4979 13.3588 11.9728 11.1133 10.6034 10.314 10.1568 10.0752 10.0346 10.0153 10.0065 10.0027 10.0012 10.0008 
10.001 10.0006 10.001 10.0022 10.0053 10.0125 10.0284 10.0617 10.1289 10.2583 10.4969 10.9176 11.6269 12.7703 14.5327 17.13 20.7891 25.7146 32.0426 39.7807 48.7338 58.4233 68.0506 76.4839 79.5535 80.3529 79.5535 76.4839 68.0506 58.4233 48.7338 39.7807 32.0426 25.7146 20.7891 17.13 14.5327 12.7703 11.6269 10.9176 10.4969 10.2583 10.1289 10.0617 10.0284 10.0125 10.0053 10.0022 10.001 10.0006 
10.0007 10.0005 10.0007 10.0017 10.0041 10.0098 10.0222 10.0484 10.1013 10.2034 10.3917 10.724 11.2845 12.1877 13.5782 15.6226 18.491 22.3275 27.2092 33.0967 39.7807 46.8346 53.5873 59.099 62.0589 62.9648 62.0589 59.099 53.5873 46.8346 39.7807 33.0967 27.2092 22.3275 18.491 15.6226 13.5782 12.1877 11.2845 10.724 10.3917 10.2034 10.1013 10.0484 10.0222 10.0098 10.0041 10.0017 10.0007 10.0005 
10.0005 10.0004 10.0005 10.0013 10.0031 10.0073 10.0166 10.0363 10.0762 10.1532 10.2955 10.5468 10.9708 11.6542 12.7051 14.2471 16.4028 19.2704 22.8905 27.2092 32.0426 37.0532 41.7502 45.5312 47.8194 48.5706 47.8194 45.5312 41.7502 37.0532 32.0426 27.2092 22.8905 19.2704 16.4028 14.2471 12.7051 11.6542 10.9708 10.5468 10.2955 10.1532 10.0762 10.0363 10.0166 10.0073 10.0031 10.0013 10.0005 10.0004 
10.0004 10.0003 10.0004 10.0009 10.0022 10.0052 10.0119 10.0261 10.0548 10.1103 10.2132 10.3952 10.7024 11.1976 11.9588 13.0737 14.6282 16.687 19.2704 22.3275 25.7146 29.1856 32.4048 34.994 36.6292 37.1827 36.6292 34.994 32.4048 29.1856 25.7146 22.3275 19.2704 16.687 14.6282 13.0737 11.9588 11.1976 10.7024 10.3952 10.2132 10.1103 10.0548 10.0261 10.0119 10.0052 10.0022 10.0009 10.0004 10.0003 
10.0003 10.0002 10.0003 10.0006 10.0015 10.0036 10.0081 10.0179 10.0376 10.076 10.1472 10.2733 10.4865 10.8302 11.3586 12.1318 13.2076 14.6282 16.4028 18.491 20.7891 23.1276 25.2849 27.0222 28.1378 28.5205 28.1378 27.0222 25.2849 23.1276 20.7891 18.491 16.4028 14.6282 13.2076 12.1318 11.3586 10.8302 10.4865 10.2733 10.1472 10.076 10.0376 10.0179 10.0081 10.0036 10.0015 10.0006 10.0003 10.0002 
10.0002 10.0001 10.0002 10.0004 10.001 10.0023 10.0053 10.0117 10.0247 10.0501 10.0972 10.1809 10.3225 10.5511 10.9027 11.4169 12.1318 13.0737 14.2471 15.6226 17.13 18.6577 20.0633 21.1967 21.9296 22.1826 21.9296 21.1967 20.0633 18.6577 17.13 15.6226 14.2471 13.0737 12.1318 11.4169 10.9027 10.5511 10.3225 10.1809 10.0972 10.0501 10.0247 10.0117 10.0053 10.0023 10.001 10.0004 10.0002 10.0001 
10.0001 10.0001 10.0001 10.0002 10.0006 10.0014 10.0033 10.0073 10.0155 10.0316 10.0614 10.1145 10.2047 10.3503 10.5746 10.9027 11.3586 11.9588 12.7051 13.5782 14.5327 15.4979 16.385 17.1009 17.5654 17.7262 17.5654 17.1009 16.385 15.4979 14.5327 13.5782 12.7051 11.9588 11.3586 10.9027 10.5746 10.3503 10.2047 10.1145 10.0614 10.0316 10.0155 10.0073 10.0033 10.0014 10.0006 10.0002 10.0001 10.0001 
10.0001 10 10.0001 10.0001 10.0004 10.0009 10.002 10.0044 10.0093 10.019 10.0371 10.0694 10.1243 10.2133 10.3503 10.5511 10.8302 11.1976 11.6542 12.1877 12.7703 13.3588 13.8997 14.3365 14.6204 14.7188 14.6204 14.3365 13.8997 13.3588 12.7703 12.1877 11.6542 11.1976 10.8302 10.5511 10.3503 10.2133 10.1243 10.0694 10.0371 10.019 10.0093 10.0044 10.002 10.0009 10.0004 10.0001 10.0001 10 
10 10 10 10.0001 10.0002 10.0005 10.0011 10.0025 10.0054 10.011 10.0215 10.0403 10.0723 10.1243 10.2047 10.3225 10.4865 10.7024 10.9708 11.2845 11.6269 11.9728 12.2907 12.5476 12.7149 12.7729 12.7149 12.5476 12.2907 11.9728 11.6269 11.2845 10.9708 10.7024 10.4865 10.3225 10.2047 10.1243 10.0723 10.0403 10.0215 10.011 10.0054 10.0025 10.0011 10.0005 10.0002 10.0001 10 10 
10 10 10 10 10.0001 10.0003 10.0006 10.0014 10.0029 10.006 10.0119 10.0223 10.0403 10.0694 10.1145 10.1809 10.2733 10.3952 10.5468 10.724 10.9176 11.1133 11.2932 11.4388 11.5336 11.5666 11.5336 11.4388 11.2932 11.1133 10.9176 10.724 10.5468 10.3952 10.2733 10.1809 10.1145 10.0694 10.0403 10.0223 10.0119 10.006 10.0029 10.0014 10.0006 10.0003 10.0001 10 10 10 
10 10 10 10 10.0001 10.0001 10.0003 10.0007 10.0015 10.0032 10.0063 10.0119 10.0215 10.0371 10.0614 10.0972 10.1472 10.2132 10.2955 10.3917 10.4969 10.6034 10.7014 10.7807 10.8324 10.8504 10.8324 10.7807 10.7014 10.6034 10.4969 10.3917 10.2955 10.2132 10.1472 10.0972 10.0614 10.0371 10.0215 10.0119 10.0063 10.0032 10.0015 10.0007 10.0003 10.0001 10.0001 10 10 10 
10 10 10 10 10 10.0001 10.0002 10.0004 10.0008 10.0016 10.0032 10.006 10.011 10.019 10.0316 10.0501 10.076 10.1103 10.1532 10.2034 10.2583 10.314 10.3653 10.4069 10.434 10.4434 10.434 10.4069 10.3653 10.314 10.2583 10.2034 10.1532 10.1103 10.076 10.0501 10.0316 10.019 10.011 10.006 10.0032 10.0016 10.0008 10.0004 10.0002 10.0001 10 10 10 10 
10 10 10 10 10 10 10.0001 10.0002 10.0004 10.0008 10.0015 10.0029 10.0054 10.0093 10.0155 10.0247 10.0376 10.0548 10.0762 10.1013 10.1289 10.1568 10.1826 10.2036 10.2172 10.222 10.2172 10.2036 10.1826 10.1568 10.1289 10.1013 10.0762 10.0548 10.0376 10.0247 10.0155 10.0093 10.0054 10.0029 10.0015 10.0008 10.0004 10.0002 10.0001 10 10 10 10 10 
10 10 10 10 10 10 10 10.0001 10.0002 10.0004 10.0007 10.0014 10.0025 10.0044 10.0073 10.0117 10.0179 10.0261 10.0363 10.0484 10.0617 10.0752 10.0877 10.0978 10.1044 10.1067 10.1044 10.0978 10.0877 10.0752 10.0617 10.0484 10.0363 10.0261 10.0179 10.0117 10.0073 10.0044 10.0025 10.0014 10.0007 10.0004 10.0002 10.0001 10 10 10 10 10 10 
10 10 10 10 10 10 10 10 10.0001 10.0002 10.0003 10.0006 10.0011 10.002 10.0033 10.0053 10.0081 10.0119 10.0166 10.0222 10.0284 10.0346 10.0404 10.0451 10.0482 10.0492 10.0482 10.0451 10.0404 10.0346 10.0284 10.0222 10.0166 10.0119 10.0081 10.0053 10.0033 10.002 10.0011 10.0006 10.0003 10.0002 10.0001 10 10 10 10 10 10 10 
10 10 10 10 10 10 10 10 10 10.0001 10.0001 10.0003 10.0005 10.0009 10.0014 10.0023 10.0036 10.0052 10.0073 10.0098 10.0125 10.0153 10.0179 10.02 10.0213 10.0218 10.0213 10.02 10.0179 10.0153 10.0125 10.0098 10.0073 10.0052 10.0036 10.0023 10.0014 10.0009 10.0005 10.0003 10.0001 10.0001 10 10 10 10 10 10 10 10 
10 10 10 10 10 10 10 10 10 10 10.0001 10.0001 10.0002 10.0004 10.0006 10.001 10.0015 10.0022 10.0031 10.0041 10.0053 10.0065 10.0076 10.0085 10.0091 10.0093 10.0091 10.0085 10.0076 10.0065 10.0053 10.0041 10.0031 10.0022 10.0015 10.001 10.0006 10.0004 10.0002 10.0001 10.0001 10 10 10 10 10 10 10 10 10 
10 10 10 10 10 10 10 10 10 10 10 10 10.0001 10.0001 10.0002 10.0004 10.0006 10.0009 10.0013 10.0017 10.0022 10.0027 10.0031 10.0035 10.0038 10.0039 10.0038 10.0035 10.0031 10.0027 10.0022 10.0017 10.0013 10.0009 10.0006 10.0004 10.0002 10.0001 10.0001 10 10 10 10 10 10 10 10 10 10 10 
10 10 10 10 10 10 10 10 10 10 10 10 10 10.0001 10.0001 10.0002 10.0003 10.0004 10.0005 10.0007 10.001 10.0012 10.0014 10.0015 10.0016 10.0017 10.0016 10.0015 10.0014 10.0012 10.001 10.0007 10.0005 10.0004 10.0003 10.0002 10.0001 10.0001 10 10 10 10 10 10 10 10 10 10 10 10 
10 10 10 10 10 10 10 10 10 10 10 10 10 10 10.0001 10.0001 10.0002 10.0003 10.0004 10.0005 10.0006 10.0008 10.0009 10.001 10.0011 10.0011 10.0011 10.001 10.0009 10.0008 10.0006 10.0005 10.0004 10.0003 10.0002 10.0001 10.0001 10 10 10 10 10 10 10 10 10 10 10 10 10 
10.0005 10.0004 10.0005 10.0007 10.001 10.0016 10.0025 10.0038 10.0058 10.0085 10.0123 10.0172 10.0237 10.0318 10.0416 10.0533 10.0667 10.0815 10.0973 10.1134 10.1291 10.1436 10.1559 10.1654 10.1714 10.1734 10.1714 10.1654 10.1559 10.1436 10.1291 10.1134 10.0973 10.0815 10.0667 10.0533 10.0416 10.0318 10.0237 10.0172 10.0123 10.0085 10.0058 10.0038 10.0025 10.0016 10.001 10.0007 10.0005 10.0004 
10.0004 10.0003 10.0004 10.0006 10.0009 10.0014 10.0022 10.0034 10.0051 10.0074 10.0107 10.0151 10.0207 10.0278 10.0364 10.0467 10.0584 10.0714 10.0852 10.0993 10.113 10.1257 10.1365 10.1448 10.15 10.1518 10.15 10.1448 10.1365 10.1257 10.113 10.0993 10.0852 10.0714 10.0584 10.0467 10.0364 10.0278 10.0207 10.0151 10.0107 10.0074 10.0051 10.0034 10.0022 10.0014 10.0009 10.0006 10.0004 10.0003 
10.0005 10.0004 10.0005 10.0007 10.001 10.0016 10.0025 10.0038 10.0058 10.0085 10.0123 10.0172 10.0237 10.0318 10.0416 10.0533 10.0667 10.0815 10.0973 10.1134 10.1291 10.1436 10.1559 10.1654 10.1714 10.1734 10.1714 10.1654 10.1559 10.1436 10.1291 10.1134 10.0973 10.0815 10.0667 10.0533 10.0416 10.0318 10.0237 10.0172 10.0123 10.0085 10.0058 10.0038 10.0025 10.0016 10.001 10.0007 10.0005 10.0004 
10.0007 10.0006 10.0007 10.0009 10.0014 10.0022 10.0035 10.0054 10.0081 10.0119 10.0172 10.0241 10.0331 10.0444 10.0582 10.0746 10.0932 10.1139 10.136 10.1585 10.1804 10.2006 10.2179 10.2312 10.2395 10.2423 10.2395 10.2312 10.2179 10.2006 10.1804 10.1585 10.136 10.1139 10.0932 10.0746 10.0582 10.0444 10.0331 10.0241 10.0172 10.0119 10.0081 10.0054 10.0035 10.0022 10.0014 10.0009 10.0007 10.0006 
10.001 10.0009 10.001 10.0014 10.0022 10.0034 10.0054 10.0083 10.0125 10.0183 10.0263 10.037 10.0508 10.0681 10.0892 10.1142 10.1429 10.1745 10.2083 10.2428 10.2764 10.3074 10.3339 10.3542 10.367 10.3714 10.367 10.3542 10.3339 10.3074 10.2764 10.2428 10.2083 10.1745 10.1429 10.1142 10.0892 10.0681 10.0508 10.037 10.0263 10.0183 10.0125 10.0083 10.0054 10.0034 10.0022 10.0014 10.001 10.0009 
10.0016 10.0014 10.0016 10.0022 10.0034 10.0054 10.0085 10.013 10.0196 10.0288 10.0413 10.058 10.0796 10.1068 10.1399 10.1791 10.224 10.2737 10.3267 10.3809 10.4337 10.4824 10.5241 10.556 10.5761 10.583 10.5761 10.556 10.5241 10.4824 10.4337 10.3809 10.3267 10.2737 10.224 10.1791 10.1399 10.1068 10.0796 10.058 10.0413 10.0288 10.0196 10.013 10.0085 10.0054 10.0034 10.0022 10.0016 10.0014 
10.0025 10.0022 10.0025 10.0035 10.0054 10.0085 10.0132 10.0203 10.0305 10.0448 10.0644 10.0904 10.1241 10.1664 10.2181 10.2792 10.3493 10.4269 10.5096 10.5944 10.6771 10.7533 10.8185 10.8685 10.9 10.9108 10.9 10.8685 10.8185 10.7533 10.6771 10.5944 10.5096 10.4269 10.3493 10.2792 10.2181 10.1664 10.1241 10.0904 10.0644 10.0448 10.0305 10.0203 10.0132 10.0085 10.0054 10.0035 10.0025 10.0022 
10.0038 10.0034 10.0038 10.0054 10.0083 10.013 10.0203 10.0312 10.0468 10.0687 10.0987 10.1386 10.1902 10.2551 10.3344 10.4283 10.5359 10.6553 10.7827 10.9133 11.0408 11.1584 11.259 11.3363 11.385 11.4016 11.385 11.3363 11.259 11.1584 11.0408 10.9133 10.7827 10.6553 10.5359 10.4283 10.3344 10.2551 10.1902 10.1386 10.0987 10.0687 10.0468 10.0312 10.0203 10.013 10.0083 10.0054 10.0038 10.0034 
10.0058 10.0051 10.0058 10.0081 10.0125 10.0196 10.0305 10.0468 10.0703 10.1032 10.1482 10.2081 10.2857 10.3833 10.5026 10.644 10.8064 10.9866 11.1793 11.3768 11.57 11.7483 11.901 12.0184 12.0923 12.1175 12.0923 12.0184 11.901 11.7483 11.57 11.3768 11.1793 10.9866 10.8064 10.644 10.5026 10.3833 10.2857 10.2081 10.1482 10.1032 10.0703 10.0468 10.0305 10.0196 10.0125 10.0081 10.0058 10.0051 
10.0085 10.0074 10.0085 10.0119 10.0183 10.0288 10.0448 10.0687 10.1032 10.1516 10.2178 10.3059 10.42 10.5637 10.7396 10.9485 11.1886 11.4554 11.741 12.0344 12.3216 12.5872 12.8149 12.9899 13.1002 13.1379 13.1002 12.9899 12.8149 12.5872 12.3216 12.0344 11.741 11.4554 11.1886 10.9485 10.7396 10.5637 10.42 10.3059 10.2178 10.1516 10.1032 10.0687 10.0448 10.0288 10.0183 10.0119 10.0085 10.0074 
10.0123 10.0107 10.0123 10.0172 10.0263 10.0413 10.0644 10.0987 10.1482 10.2178 10.3129 10.4397 10.604 10.8114 11.0654 11.3675 11.7154 12.1028 12.5182 12.9458 13.3652 13.7535 14.0869 14.3435 14.5053 14.5606 14.5053 14.3435 14.0869 13.7535 13.3652 12.9458 12.5182 12.1028 11.7154 11.3675 11.0654 10.8114 10.604 10.4397 10.3129 10.2178 10.1482 10.0987 10.0644 10.0413 10.0263 10.0172 10.0123 10.0107 
10.0172 10.0151 10.0172 10.0241 10.037 10.058 10.0904 10.1386 10.2081 10.3059 10.4397 10.6181 10.8498 11.1425 11.5018 11.9299 12.424 12.9755 13.5684 14.1802 14.7816 15.3397 15.8198 16.1897 16.423 16.5028 16.423 16.1897 15.8198 15.3397 14.7816 14.1802 13.5684 12.9755 12.424 11.9299 11.5018 11.1425 10.8498 10.6181 10.4397 10.3059 10.2081 10.1386 10.0904 10.058 10.037 10.0241 10.0172 10.0151 
10.0237 10.0207 10.0237 10.0331 10.0508 10.0796 10.1241 10.1902 10.2857 10.42 10.604 10.8498 11.1694 11.5739 12.0715 12.6658 13.3538 14.1239 14.9546 15.8142 16.6621 17.4509 18.1311 18.6559 18.9874 19.1008 18.9874 18.6559 18.1311 17.4509 16.6621 15.8142 14.9546 14.1239 13.3538 12.6658 12.0715 11.5739 11.1694 10.8498 10.604 10.42 10.2857 10.1902 10.1241 10.0796 10.0508 10.0331 10.0237 10.0207 
10.0318 10.0278 10.0318 10.0444 10.0681 10.1068 10.1664 10.2551 10.3833 10.5637 10.8114 11.1425 11.5739 12.1211 12.7959 13.6044 14.5435 15.5985 16.7411 17.9284 19.1042 20.202 21.1513 21.8852 22.3493 22.508 22.3493 21.8852 21.1513 20.202 19.1042 17.9284 16.7411 15.5985 14.5435 13.6044 12.7959 12.1211 11.5739 11.1425 10.8114 10.5637 10.3833 10.2551 10.1664 10.1068 10.0681 10.0444 10.0318 10.0278 
10.0416 10.0364 10.0416 10.0582 10.0892 10.1399 10.2181 10.3344 10.5026 10.7396 11.0654 11.5018 12.0715 12.7959 13.6922 14.7698 16.0265 17.4449 18.9887 20.6015 22.2069 23.7129 25.0202 26.0332 26.6742 26.8934 26.6742 26.0332 25.0202 23.7129 22.2069 20.6015 18.9887 17.4449 16.0265 14.7698 13.6922 12.7959 12.0715 11.5018 11.0654 10.7396 10.5026 10.3344 10.2181 10.1399 10.0892 10.0582 10.0416 10.0364 
10.0533 10.0467 10.0533 10.0746 10.1142 10.1791 10.2792 10.4283 10.644 10.9485 11.3675 11.9299 12.6658 13.6044 14.7698 16.1767 17.8257 19.6972 21.7471 23.9029 26.0636 28.1035 29.8829 31.2656 32.1402 32.4391 32.1402 31.2656 29.8829 28.1035 26.0636 23.9029 21.7471 19.6972 17.8257 16.1767 14.7698 13.6044 12.6658 11.9299 11.3675 10.9485 10.644 10.4283 10.2792 10.1791 10.1142 10.0746 10.0533 10.0467 
10.0667 10.0584 10.0667 10.0932 10.1429 10.224 10.3493 10.5359 10.8064 11.1886 11.7154 12.424 13.3538 14.5435 16.0265 17.8257 19.9466 22.3701 25.0453 27.883 30.7529 33.4859 35.8863 37.7567 38.9362 39.3378 38.9362 37.7567 35.8863 33.4859 30.7529 27.883 25.0453 22.3701 19.9466 17.8257 16.0265 14.5435 13.3538 12.424 11.7154 11.1886 10.8064 10.5359 10.3493 10.224 10.1429 10.0932 10.0667 10.0584 
10.0815 10.0714 10.0815 10.1139 10.1745 10.2737 10.4269 10.6553 10.9866 11.4554 12.1028 12.9755 14.1239 15.5985 17.4449 19.6972 22.3701 25.4491 28.8804 32.5601 36.3263 39.9564 43.1768 45.6941 47.263 47.7917 47.263 45.6941 43.1768 39.9564 36.3263 32.5601 28.8804 25.4491 22.3701 19.6972 17.4449 15.5985 14.1239 12.9755 12.1028 11.4554 10.9866 10.6553 10.4269 10.2737 10.1745 10.1139 10.0815 10.0714 
10.0973 10.0852 10.0973 10.136 10.2083 10.3267 10.5096 10.7827 11.1793 11.741 12.5182 13.5684 14.9546 16.7411 18.9887 21.7471 25.0453 28.8804 33.2035 37.9038 42.7914 47.5836 51.9025 55.2968 57.3369 58.0058 57.3369 55.2968 51.9025 47.5836 42.7914 37.9038 33.2035 28.8804 25.0453 21.7471 18.9887 16.7411 14.9546 13.5684 12.5182 11.741 11.1793 10.7827 10.5096 10.3267 10.2083 10.136 10.0973 10.0852 
10.1134 10.0993 10.1134 10.1585 10.2428 10.3809 10.5944 10.9133 11.3768 12.0344 12.9458 14.1802 15.8142 17.9284 20.6015 23.9029 27.883 32.5601 37.9038 43.8125 50.0845 56.3847 62.2162 66.8838 69.391 70.1601 69.391 66.8838 62.2162 56.3847 50.0845 43.8125 37.9038 32.5601 27.883 23.9029 20.6015 17.9284 15.8142 14.1802 12.9458 12.0344 11.3768 10.9133 10.5944 10.3809 10.2428 10.1585 10.1134 10.0993 
10.1291 10.113 10.1291 10.1804 10.2764 10.4337 10.6771 11.0408 11.57 12.3216 13.3652 14.7816 16.6621 19.1042 22.2069 26.0636 30.7529 36.3263 42.7914 50.0845 58.0281 66.27 74.2411 81.1197 83.6399 84.2996 83.6399 81.1197 74.2411 66.27 58.0281 50.0845 42.7914 36.3263 30.7529 26.0636 22.2069 19.1042 16.6621 14.7816 13.3652 12.3216 11.57 11.0408 10.6771 10.4337 10.2764 10.1804 10.1291 10.113 
10.1436 10.1257 10.1436 10.2006 10.3074 10.4824 10.7533 11.1584 11.7483 12.5872 13.7535 15.3397 17.4509 20.202 23.7129 28.1035 33.4859 39.9564 47.5836 56.3847 66.27 76.9203 87.7438 100 100 100 100 100 87.7438 76.9203 66.27 56.3847 47.5836 39.9564 33.4859 28.1035 23.7129 20.202 17.4509 15.3397 13.7535 12.5872 11.7483 11.1584 10.7533 10.4824 10.3074 10.2006 10.1436 10.1257 
10.1559 10.1365 10.1559 10.2179 10.3339 10.5241 10.8185 11.259 11.901 12.8149 14.0869 15.8198 18.1311 21.1513 25.0202 29.8829 35.8863 43.1768 51.9025 62.2162 74.2411 87.7438 100 100 100 100 100 100 100 87.7438 74.2411 62.2162 51.9025 43.1768 35.8863 29.8829 25.0202 21.1513 18.1311 15.8198 14.0869 12.8149 11.901 11.259 10.8185 10.5241 10.3339 10.2179 10.1559 10.1365 
10.1654 10.1448 10.1654 10.2312 10.3542 10.556 10.8685 11.3363 12.0184 12.9899 14.3435 16.1897 18.6559 21.8852 26.0332 31.2656 37.7567 45.6941 55.2968 66.8838 81.1197 100 100 100 100 100 100 100 100 100 81.1197 66.8838 55.2968 45.6941 37.7567 31.2656 26.0332 21.8852 18.6559 16.1897 14.3435 12.9899 12.0184 11.3363 10.8685 10.556 10.3542 10.2312 10.1654 10.1448 
10.1714 10.15 10.1714 10.2395 10.367 10.5761 10.9 11.385 12.0923 13.1002 14.5053 16.423 18.9874 22.3493 26.6742 32.1402 38.9362 47.263 57.3369 69.391 83.6399 100 100 100 100 100 100 100 100 100 83.6399 69.391 57.3369 47.263 38.9362 32.1402 26.6742 22.3493 18.9874 16.423 14.5053 13.1002 12.0923 11.385 10.9 10.5761 10.367 10.2395 10.1714 10.15 
10.1734 10.1518 10.1734 10.2423 10.3714 10.583 10.9108 11.4016 12.1175 13.1379 14.5606 16.5028 19.1008 22.508 26.8934 32.4391 39.3378 47.7917 58.0058 70.1601 84.2996 100 100 100 100 100 100 100 100 100 84.2996 70.1601 58.0058 47.7917 39.3378 32.4391 26.8934 22.508 19.1008 16.5028 14.5606 13.1379 12.1175 11.4016 10.9108 10.583 10.3714 10.2423 10.1734 10.1518 
10.1714 10.15 10.1714 10.2395 10.367 10.5761 10.9 11.385 12.0923 13.1002 14.5053 16.423 18.9874 22.3493 26.6742 32.1402 38.9362 47.263 57.3369 69.391 83.6399 100 100 100 100 100 100 100 100 100 83.6399 69.391 57.3369 47.263 38.9362 32.1402 26.6742 22.3493 18.9874 16.423 14.5053 13.1002 12.0923 11.385 10.9 10.5761 10.367 10.2395 10.1714 10.15 
10.1654 10.1448 10.1654 10.2312 10.3542 10.556 10.8685 11.3363 12.0184 12.9899 14.3435 16.1897 18.6559 21.8852 26.0332 31.2656 37.7567 45.6941 55.2968 66.8838 81.1197 100 100 100 100 100 100 100 100 100 81.1197 66.8838 55.2968 45.6941 37.7567 31.2656 26.0332 21.8852 18.6559 16.1897 14.3435 12.9899 12.0184 11.3363 10.8685 10.556 10.3542 10.2312 10.1654 10.1448 
10.1559 10.1365 10.1559 10.2179 10.3339 10.5241 10.8185 11.259 11.901 12.8149 14.0869 15.8198 18.1311 21.1513 25.0202 29.8829 35.8863 43.1768 51.9025 62.2162 74.2411 87.7438 100 100 100 100 100 100 100 87.7438 74.2411 62.2162 51.9025 43.1768 35.8863 29.8829 25.0202 21.1513 18.1311 15.8198 14.0869 12.8149 11.901 11.259 10.8185 10.5241 10.3339 10.2179 10.1559 10.1365 
10.1436 10.1257 10.1436 10.2006 10.3074 10.4824 10.7533 11.1584 11.7483 12.5872 13.7535 15.3397 17.4509 20.202 23.7129 28.1035 33.4859 39.9564 47.5836 56.3847 66.27 76.9203 87.7438 100 100 100 100 100 87.7438 76.9203 66.27 56.3847 47.5836 39.9564 33.4859 28.1035 23.7129 20.202 17.4509 15.3397 13.7535 12.5872 11.7483 11.1584 10.7533 10.4824 10.3074 10.2006 10.1436 10.1257 
10.1291 10.113 10.1291 10.1804 10.2764 10.4337 10.6771 11.0408 11.57 12.3216 13.3652 14.7816 16.6621 19.1042 22.2069 26.0636 30.7529 36.3263 42.7914 50.0845 58.0281 66.27 74.2411 81.1197 83.6399 84.2996 83.6399 81.1197 74.2411 66.27 58.0281 50.0845 42.7914 36.3263 30.7529 26.0636 22.2069 19.1042 16.6621 14.7816 13.3652 12.3216 11.57 11.0408 10.6771 10.4337 10.2764 10.1804 10.1291 10.113 
10.1134 10.0993 10.1134 10.1585 10.2428 10.3809 10.5944 10.9133 11.3768 12.0344 12.9458 14.1802 15.8142 17.9284 20.6015 23.9029 27.883 32.5601 37.9038 43.8125 50.0845 56.3847 62.2162 66.8838 69.391 70.1601 69.391 66.8838 62.2162 56.3847 50.0845 43.8125 37.9038 32.5601 27.883 23.9029 20.6015 17.9284 15.8142 14.1802 12.9458 12.0344 11.3768 10.9133 10.5944 10.3809 10.2428 10.1585 10.1134 10.0993 
10.0973 10.0852 10.0973 10.136 10.2083 10.3267 10.5096 10.7827 11.1793 11.741 12.5182 13.5684 14.9546 16.7411 18.9887 21.7471 25.0453 28.8804 33.2035 37.9038 42.7914 47.5836 51.9025 55.2968 57.3369 58.0058 57.3369 55.2968 51.9025 47.5836 42.7914 37.9038 33.2035 28.8804 25.0453 21.7471 18.9887 16.7411 14.9546 13.5684 12.5182 11.741 11.1793 10.7827 10.5096 10.3267 10.2083 10.136 10.0973 10.0852 
10.0815 10.0714 10.0815 10.1139 10.1745 10.2737 10.4269 10.6553 10.9866 11.4554 12.1028 12.9755 14.1239 15.5985 17.4449 19.6972 22.3701 25.4491 28.8804 32.5601 36.3263 39.9564 43.1768 45.6941 47.263 47.7917 47.263 45.6941 43.1768 39.9564 36.3263 32.5601 28.8804 25.4491 22.3701 19.6972 17.4449 15.5985 14.1239 12.9755 12.1028 11.4554 10.9866 10.6553 10.4269 10.2737 10.1745 10.1139 10.0815 10.0714 
10.0667 10.0584 10.0667 10.0932 10.1429 10.224 10.3493 10.5359 10.8064 11.1886 11.7154 12.424 13.3538 14.5435 16.0265 17.8257 19.9466 22.3701 25.0453 27.883 30.7529 33.4859 35.8863 37.7567 38.9362 39.3378 38.9362 37.7567 35.8863 33.4859 30.7529 27.883 25.0453 22.3701 19.9466 17.8257 16.0265 14.5435 13.3538 12.424 11.7154 11.1886 10.8064 10.5359 10.3493 10.224 10.1429 10.0932 10.0667 10.0584 
10.0533 10.0467 10.0533 10.0746 10.1142 10.1791 10.2792 10.4283 10.644 10.9485 11.3675 11.9299 12.6658 13.6044 14.7698 16.1767 17.8257 19.6972 21.7471 23.9029 26.0636 28.1035 29.8829 31.2656 32.1402 32.4391 32.1402 31.2656 29.8829 28.1035 26.0636 23.9029 21.7471 19.6972 17.8257 16.1767 14.7698 13.6044 12.6658 11.9299 11.3675 10.9485 10.644 10.4283 10.2792 10.1791 10.1142 10.0746 10.0533 10.0467 
10.0416 10.0364 10.0416 10.0582 10.0892 10.1399 10.2181 10.3344 10.5026 10.7396 11.0654 11.5018 12.0715 12.7959 13.6922 14.7698 16.0265 17.4449 18.9887 20.6015 22.2069 23.7129 25.0202 26.0332 26.6742 26.8934 26.6742 26.0332 25.0202 23.7129 22.2069 20.6015 18.9887 17.4449 16.0265 14.7698 13.6922 12.7959 12.0715 11.5018 11.0654 10.7396 10.5026 10.3344 10.2181 10.1399 10.0892 10.0582 10.0416 10.0364 
