10 10 10 10 10 10 10 10 10 10 10 10 10 10 10 10 10 10 10 10 10 10 10 10 10 10 10 10 10 10 10 10 10 10 10 10 10 10 10 10 10 10 10 10 10 10 10 10 10 10 
10 10 10 10 10 10 10 10 10 10 10 10 10 10 10 10 10 10 10 10 10 10 10 10 10 10 10 10 10 10 10 10 10 10 10 10 10 10 10 10 10 10 10 10 10 10 10 10 10 10 
10 10 10 10 10 10 10 10 10 10 10 10 10 10 10 10 10 10 10 10 10 10 10 10 10 10 10 10 10 10 10 10 10 10 10 10 10 10 10 10 10 10 10 10 10 10 10 10 10 10 
10 10 10 10 10 10 10 10 10 10 10 10 10 10 10 10 10 10 10 10 10 10 10 10 10 10 10 10 10 10 10 10 10 10 10 10 10 10 10 10 10 10 10 10 10 10 10 10 10 10 
10 10 10 10 10 10 10 10 10 10 10 10 10 10 10 10 10 10 10 10 10 10 10 10 10 10 10 10 10 10 10 10 10 10 10 10 10 10 10 10 10 10 10 10 10 10 10 10 10 10 
10 10 10 10 10 10 10 10 10 10 10 10 10 10 10 10 10 10 10 10 10 10 10 10 10 10 10 10 10 10 10 10 10 10 10 10 10 10 10 10 10 10 10 10 10 10 10 10 10 10 
10 10 10 10 10 10 10 10 10 10 10 10 10 10 10 10 10 10 10 10 10 10 10 10 10 10 10 10 10 10 10 10 10 10 10 10 10 10 10 10 10 10 10 10 10 10 10 10 10 10 
10 10 10 10 10 10 10 10 10 10 10 10 10 10 10 10 10 10 10 10 10 10 10 10 10 10 10 10 10 10 10 10 10 10 10 10 10 10 10 10 10 10 10 10 10 10 10 10 10 10 
10 10 10 10 10 10 10 10 10 10 10 10 10 10 10 10 10 10 10 10 10 10 10 10 10 10 10 10 10 10 10 10 10 10 10 10 10 10 10 10 10 10 10 10 10 10 10 10 10 10 
10 10 10 10 10 10 10 10 10 10 10 10 10 10 10 10 10 10 10 10 10 10 10 10 10 10 10 10 10 10 10 10 10 10 10 10 10 10 10 10 10 10 10 10 10 10 10 10 10 10 
10 10 10 10 10 10 10 10 10 10 10 10 10 10 10 10 10 10 10 10 10 10 10 10 10 10 10 10 10 10 10 10 10 10 10 10 10 10 10 10 10 10 10 10 10 10 10 10 10 10 
10 10 10 10 10 10 10 10 10 10 10 10 10 10 10 10 10 10 10 10 10 10 10 10 10 10 10 10 10 10 10 10 10 10 10 10 10 10 10 10 10 10 10 10 10 10 10 10 10 10 
10 10 10 10 10 10 10 10 10 10 10 10 10 10 10 10 10 10 10 10 10 10 10 10 10 10 10 10 10 10 10 10 10 10 10 10 10 10 10 10 10 10 10 10 10 10 10 10 10 10 
10 10 10 10 10 10 10 10 10 10 10 10 10 10 10 10 10 10 10 10 10 10 10 10 10 10 10 10 10 10 10 10 10 10 10 10 10 10 10 10 10 10 10 10 10 10 10 10 10 10 
10 10 10 10 10 10 10 10 10 10 10 10 10 10 10 10 10 10 10 10 10 10 10 10 10 10 10 10 10 10 10 10 10 10 10 10 10 10 10 10 10 10 10 10 10 10 10 10 10 10 
10 10 10 10 10 10 10 10 10 10 10 10 10 10 10 10 10 10 10 10 10 10 10 10 10 10 10 10 10 10 10 10 10 10 10 10 10 10 10 10 10 10 10 10 10 10 10 10 10 10 
10 10 10 10 10 10 10 10 10 10 10 10 10 10 10 10 10 10 10 10 10 10 10 10 10 10 10 10 10 10 10 10 10 10 10 10 10 10 10 10 10 10 10 10 10 10 10 10 10 10 
10 10 10 10 10 10 10 10 10 10 10 10 10 10 10 10 10 10 10 10 10 10 10 10 10 10 10 10 10 10 10 10 10 10 10 10 10 10 10 10 10 10 10 10 10 10 10 10 10 10 
10 10 10 10 10 10 10 10 10 10 10 10 10 10 10 10 10 10 10 10 10 10 10 10 10 10 10 10 10 10 10 10 10 10 10 10 10 10 10 10 10 10 10 10 10 10 10 10 10 10 
10 10 10 10 10 10 10 10 10 10 10 10 10 10 10 10 10 10 10 10 10 10 10 10 10 10 10 10 10 10 10 10 10 10 10 10 10 10 10 10 10 10 10 10 10 10 10 10 10 10 
10 10 10 10 10 10 10 10 10 10 10 10 10 10 10 10 10 10 10 10 10 10 10 10 10 10 10 10 10 10 10 10 10 10 10 10 10 10 10 10 10 10 10 10 10 10 10 10 10 10 
10 10 10 10 10 10 10 10 10 10 10 10 10 10 10 10 10 10 10 10 10 10 10 100 100 100 100 100 10 10 10 10 10 10 10 10 10 10 10 10 10 10 10 10 10 10 10 10 10 10 
10 10 10 10 10 10 10 10 10 10 10 10 10 10 10 10 10 10 10 10 10 10 100 100 100 100 100 100 100 10 10 10 10 10 10 10 10 10 10 10 10 10 10 10 10 10 10 10 10 10 
10 10 10 10 10 10 10 10 10 10 10 10 10 10 10 10 10 10 10 10 10 100 100 100 100 100 100 100 100 100 10 10 10 10 10 10 10 10 10 10 10 10 10 10 10 10 10 10 10 10 
10 10 10 10 10 10 10 10 10 10 10 10 10 10 10 10 10 10 10 10 10 100 100 100 100 100 100 100 100 100 10 10 10 10 10 10 10 10 10 10 10 10 10 10 10 10 10 10 10 10 
10 10 10 10 10 10 10 10 10 10 10 10 10 10 10 10 10 10 10 10 10 100 100 100 100 100 100 100 100 100 10 10 10 10 10 10 10 10 10 10 10 10 10 10 10 10 10 10 10 10 
10 10 10 10 10 10 10 10 10 10 10 10 10 10 10 10 10 10 10 10 10 100 100 100 100 100 100 100 100 100 10 10 10 10 10 10 10 10 10 10 10 10 10 10 10 10 10 10 10 10 
10 10 10 10 10 10 10 10 10 10 10 10 10 10 10 10 10 10 10 10 10 100 100 100 100 100 100 100 100 100 10 10 10 10 10 10 10 10 10 10 10 10 10 10 10 10 10 10 10 10 
10 10 10 10 10 10 10 10 10 10 10 10 10 10 10 10 10 10 10 10 10 10 100 100 100 100 100 100 100 10 10 10 10 10 10 10 10 10 10 10 10 10 10 10 10 10 10 10 10 10 
10 10 10 10 10 10 10 10 10 10 10 10 10 10 10 10 10 10 10 10 10 10 10 100 100 100 100 100 10 10 10 10 10 10 10 10 10 10 10 10 10 10 10 10 10 10 10 10 10 10 
10 10 10 10 10 10 10 10 10 10 10 10 10 10 10 10 10 10 10 10 10 10 10 10 10 10 10 10 10 10 10 10 10 10 10 10 10 10 10 10 10 10 10 10 10 10 10 10 10 10 
10 10 10 10 10 10 10 10 10 10 10 10 10 10 10 10 10 10 10 10 10 10 10 10 10 10 10 10 10 10 10 10 10 10 10 10 10 10 10 10 10 10 10 10 10 10 10 10 10 10 
10 10 10 10 10 10 10 10 10 10 10 10 10 10 10 10 10 10 10 10 10 10 10 10 10 10 10 10 10 10 10 10 10 10 10 10 10 10 10 10 10 10 10 10 10 10 10 10 10 10 
10 10 10 10 10 10 10 10 10 10 10 10 10 10 10 10 10 10 10 10 10 10 10 10 10 10 10 10 10 10 10 10 10 10 10 10 10 10 10 10 10 10 10 10 10 10 10 10 10 10 
10 10 10 10 10 10 10 10 10 10 10 10 10 10 10 10 10 10 10 10 10 10 10 10 10 10 10 10 10 10 10 10 10 10 10 10 10 10 10 10 10 10 10 10 10 10 10 10 10 10 
10 10 10 10 10 10 10 10 10 10 10 10 10 10 10 10 10 10 10 10 10 10 10 10 10 10 10 10 10 10 10 10 10 10 10 10 10 10 10 10 10 10 10 10 10 10 10 10 10 10 
10 10 10 10 10 10 10 10 10 10 10 10 10 10 10 10 10 10 10 10 10 10 10 10 10 10 10 10 10 10 10 10 10 10 10 10 10 10 10 10 10 10 10 10 10 10 10 10 10 10 
10 10 10 10 10 10 10 10 10 10 10 10 10 10 10 10 10 10 10 10 10 10 10 10 10 10 10 10 10 10 10 10 10 10 10 10 10 10 10 10 10 10 10 10 10 10 10 10 10 10 
10 10 10 10 10 10 10 10 10 10 10 10 10 10 10 10 10 10 10 10 10 10 10 10 10 10 10 10 10 10 10 10 10 10 10 10 10 10 10 10 10 10 10 10 10 10 10 10 10 10 
10 10 10 10 10 10 10 10 10 10 10 10 10 10 10 10 10 10 10 10 10 10 10 10 10 10 10 10 10 10 10 10 10 10 10 10 10 10 10 10 10 10 10 10 10 10 10 10 10 10 
10 10 10 10 10 10 10 10 10 10 10 10 10 10 10 10 10 10 10 10 10 10 10 10 10 10 10 10 10 10 10 10 10 10 10 10 10 10 10 10 10 10 10 10 10 10 10 10 10 10 
10 10 10 10 10 10 10 10 10 10 10 10 10 10 10 10 10 10 10 10 10 10 10 10 10 10 10 10 10 10 10 10 10 10 10 10 10 10 10 10 10 10 10 10 10 10 10 10 10 10 
10 10 10 10 10 10 10 10 10 10 10 10 10 10 10 10 10 10 10 10 10 10 10 10 10 10 10 10 10 10 10 10 10 10 10 10 10 10 10 10 10 10 10 10 10 10 10 10 10 10 
10 10 10 10 10 10 10 10 10 10 10 10 10 10 10 10 10 10 10 10 10 10 10 10 10 10 10 10 10 10 10 10 10 10 10 10 10 10 10 10 10 10 10 10 10 10 10 10 10 10 
10 10 10 10 10 10 10 10 10 10 10 10 10 10 10 10 10 10 10 10 10 10 10 10 10 10 10 10 10 10 10 10 10 10 10 10 10 10 10 10 10 10 10 10 10 10 10 10 10 10 
10 10 10 10 10 10 10 10 10 10 10 10 10 10 10 10 10 10 10 10 10 10 10 10 10 10 10 10 10 10 10 10 10 10 10 10 10 10 10 10 10 10 10 10 10 10 10 10 10 10 
10 10 10 10 10 10 10 10 10 10 10 10 10 10 10 10 10 10 10 10 10 10 10 10 10 10 10 10 10 10 10 10 10 10 10 10 10 10 10 10 10 10 10 10 10 10 10 10 10 10 
10 10 10 10 10 10 10 10 10 10 10 10 10 10 10 10 10 10 10 10 10 10 10 10 10 10 10 10 10 10 10 10 10 10 10 10 10 10 10 10 10 10 10 10 10 10 10 10 10 10 
10 10 10 10 10 10 10 10 10 10 10 10 10 10 10 10 10 10 10 10 10 10 10 10 10 10 10 10 10 10 10 10 10 10 10 10 10 10 10 10 10 10 10 10 10 10 10 10 10 10 
10 10 10 10 10 10 10 10 10 10 10 10 10 10 10 10 10 10 10 10 10 10 10 10 10 10 10 10 10 10 10 10 10 10 10 10 10 10 10 10 10 10 10 10 10 10 10 10 10 10 
10 10 10 10 10 10 10 10 10 10 10 10 10 10 10 10 10 10 10 10 10 10 10 10 10 10 10 10 10 10 10 10 10 10 10 10 10 10 10 10 10 10 10 10 10 10 10 10 10 10 
10 10 10 10 10 10 10 10 10 10 10 10 10 10 10 10 10.0001 10.0001 10.0002 10.0002 10.0003 10.0003 10.0004 10.0004 10.0005 10.0005 10.0005 10.0004 10.0004 10.0003 10.0003 10.0002 10.0002 10.0001 10.0001 10 10 10 10 10 10 10 10 10 10 10 10 10 10 10 
10 10 10 10 10 10 10 10 10 10 10 10 10 10.0001 10.0001 10.0001 10.0002 10.0003 10.0005 10.0006 10.0008 10.001 10.0012 10.0013 10.0014 10.0015 10.0014 10.0013 10.0012 10.001 10.0008 10.0006 10.0005 10.0003 10.0002 10.0001 10.0001 10.0001 10 10 10 10 10 10 10 10 10 10 10 10 
10 10 10 10 10 10 10 10 10 10 10 10 10.0001 10.0001 10.0002 10.0004 10.0006 10.0009 10.0012 10.0017 10.0021 10.0026 10.0031 10.0035 10.0037 10.0038 10.0037 10.0035 10.0031 10.0026 10.0021 10.0017 10.0012 10.0009 10.0006 10.0004 10.0002 10.0001 10.0001 10 10 10 10 10 10 10 10 10 10 10 
10 10 10 10 10 10 10 10 10 10 10.0001 10.0001 10.0002 10.0004 10.0006 10.001 10.0015 10.0022 10.0031 10.0041 10.0053 10.0065 10.0076 10.0085 10.0091 10.0093 10.0091 10.0085 10.0076 10.0065 10.0053 10.0041 10.0031 10.0022 10.0015 10.001 10.0006 10.0004 10.0002 10.0001 10.0001 10 10 10 10 10 10 10 10 10 
10 10 10 10 10 10 10 10 10 10.0001 10.0001 10.0003 10.0005 10.0009 10.0014 10.0023 10.0035 10.0052 10.0073 10.0098 10.0125 10.0153 10.0179 10.02 10.0213 10.0218 10.0213 10.02 10.0179 10.0153 10.0125 10.0098 10.0073 10.0052 10.0035 10.0023 10.0014 10.0009 10.0005 10.0003 10.0001 10.0001 10 10 10 10 10 10 10 10 
10 10 10 10 10 10 10 10 10.0001 10.0002 10.0003 10.0006 10.0011 10.002 10.0033 10.0053 10.0081 10.0119 10.0166 10.0222 10.0283 10.0346 10.0404 10.0451 10.0482 10.0492 10.0482 10.0451 10.0404 10.0346 10.0283 10.0222 10.0166 10.0119 10.0081 10.0053 10.0033 10.002 10.0011 10.0006 10.0003 10.0002 10.0001 10 10 10 10 10 10 10 
10 10 10 10 10 10 10 10.0001 10.0002 10.0004 10.0007 10.0014 10.0025 10.0044 10.0073 10.0117 10.0179 10.0261 10.0363 10.0484 10.0617 10.0752 10.0877 10.0978 10.1044 10.1067 10.1044 10.0978 10.0877 10.0752 10.0617 10.0484 10.0363 10.0261 10.0179 10.0117 10.0073 10.0044 10.0025 10.0014 10.0007 10.0004 10.0002 10.0001 10 10 10 10 10 10 
10 10 10 10 10 10 10.0001 10.0002 10.0004 10.0008 10.0015 10.0029 10.0054 10.0093 10.0155 10.0247 10.0376 10.0548 10.0762 10.1013 10.1289 10.1568 10.1826 10.2036 10.2172 10.222 10.2172 10.2036 10.1826 10.1568 10.1289 10.1013 10.0762 10.0548 10.0376 10.0247 10.0155 10.0093 10.0054 10.0029 10.0015 10.0008 10.0004 10.0002 10.0001 10 10 10 10 10 
10 10 10 10 10 10.0001 10.0002 10.0004 10.0008 10.0016 10.0032 10.006 10.011 10.019 10.0316 10.0501 10.076 10.1103 10.1532 10.2034 10.2583 10.314 10.3653 10.4069 10.434 10.4434 10.434 10.4069 10.3653 10.314 10.2583 10.2034 10.1532 10.1103 10.076 10.0501 10.0316 10.019 10.011 10.006 10.0032 10.0016 10.0008 10.0004 10.0002 10.0001 10 10 10 10 
10 10 10 10 10.0001 10.0001 10.0003 10.0007 10.0015 10.0032 10.0063 10.0119 10.0215 10.0371 10.0614 10.0972 10.1472 10.2132 10.2955 10.3917 10.4969 10.6034 10.7014 10.7807 10.8324 10.8504 10.8324 10.7807 10.7014 10.6034 10.4969 10.3917 10.2955 10.2132 10.1472 10.0972 10.0614 10.0371 10.0215 10.0119 10.0063 10.0032 10.0015 10.0007 10.0003 10.0001 10.0001 10 10 10 
10 10 10 10 10.0001 10.0003 10.0006 10.0014 10.0029 10.006 10.0119 10.0223 10.0403 10.0694 10.1145 10.1809 10.2733 10.3952 10.5468 10.724 10.9176 11.1133 11.2932 11.4388 11.5336 11.5666 11.5336 11.4388 11.2932 11.1133 10.9176 10.724 10.5468 10.3952 10.2733 10.1809 10.1145 10.0694 10.0403 10.0223 10.0119 10.006 10.0029 10.0014 10.0006 10.0003 10.0001 10 10 10 
10 10 10 10.0001 10.0002 10.0005 10.0011 10.0025 10.0054 10.011 10.0215 10.0403 10.0723 10.1243 10.2047 10.3225 10.4865 10.7024 10.9708 11.2845 11.6269 11.9728 12.2907 12.5476 12.7149 12.7729 12.7149 12.5476 12.2907 11.9728 11.6269 11.2845 10.9708 10.7024 10.4865 10.3225 10.2047 10.1243 10.0723 10.0403 10.0215 10.011 10.0054 10.0025 10.0011 10.0005 10.0002 10.0001 10 10 
10 10 10.0001 10.0001 10.0004 10.0009 10.002 10.0044 10.0093 10.019 10.0371 10.0694 10.1243 10.2133 10.3503 10.5511 10.8302 11.1976 11.6542 12.1877 12.7703 13.3588 13.8997 14.3365 14.6204 14.7188 14.6204 14.3365 13.8997 13.3588 12.7703 12.1877 11.6542 11.1976 10.8302 10.5511 10.3503 10.2133 10.1243 10.0694 10.0371 10.019 10.0093 10.0044 10.002 10.0009 10.0004 10.0001 10 10 
10 10 10.0001 10.0002 10.0006 10.0014 10.0033 10.0073 10.0155 10.0316 10.0614 10.1145 10.2047 10.3503 10.5746 10.9027 11.3586 11.9588 12.7051 13.5782 14.5327 15.4979 16.385 17.1009 17.5654 17.7262 17.5654 17.1009 16.385 15.4979 14.5327 13.5782 12.7051 11.9588 11.3586 10.9027 10.5746 10.3503 10.2047 10.1145 10.0614 10.0316 10.0155 10.0073 10.0033 10.0014 10.0006 10.0002 10.0001 10 
10 10 10.0001 10.0004 10.001 10.0023 10.0053 10.0117 10.0247 10.0501 10.0972 10.1809 10.3225 10.5511 10.9027 11.4169 12.1318 13.0737 14.2471 15.6226 17.13 18.6577 20.0633 21.1967 21.9296 22.1826 21.9296 21.1967 20.0633 18.6577 17.13 15.6226 14.2471 13.0737 12.1318 11.4169 10.9027 10.5511 10.3225 10.1809 10.0972 10.0501 10.0247 10.0117 10.0053 10.0023 10.001 10.0004 10.0001 10 
10 10.0001 10.0002 10.0006 10.0015 10.0035 10.0081 10.0179 10.0376 10.076 10.1472 10.2733 10.4865 10.8302 11.3586 12.1318 13.2076 14.6282 16.4028 18.491 20.7891 23.1276 25.2849 27.0222 28.1378 28.5205 28.1378 27.0222 25.2849 23.1276 20.7891 18.491 16.4028 14.6282 13.2076 12.1318 11.3586 10.8302 10.4865 10.2733 10.1472 10.076 10.0376 10.0179 10.0081 10.0035 10.0015 10.0006 10.0002 10 
10 10.0001 10.0003 10.0009 10.0022 10.0052 10.0119 10.0261 10.0548 10.1103 10.2132 10.3952 10.7024 11.1976 11.9588 13.0737 14.6282 16.687 19.2704 22.3275 25.7146 29.1856 32.4048 34.994 36.6292 37.1827 36.6292 34.994 32.4048 29.1856 25.7146 22.3275 19.2704 16.687 14.6282 13.0737 11.9588 11.1976 10.7024 10.3952 10.2132 10.1103 10.0548 10.0261 10.0119 10.0052 10.0022 10.0009 10.0003 10 
10 10.0002 10.0005 10.0012 10.0031 10.0073 10.0166 10.0363 10.0762 10.1532 10.2955 10.5468 10.9708 11.6542 12.7051 14.2471 16.4028 19.2704 22.8905 27.2092 32.0426 37.0532 41.7502 45.5312 47.8194 48.5706 47.8194 45.5312 41.7502 37.0532 32.0426 27.2092 22.8905 19.2704 16.4028 14.2471 12.7051 11.6542 10.9708 10.5468 10.2955 10.1532 10.0762 10.0363 10.0166 10.0073 10.0031 10.0012 10.0004 10 
10 10.0002 10.0006 10.0017 10.0041 10.0098 10.0222 10.0484 10.1013 10.2034 10.3917 10.724 11.2845 12.1877 13.5782 15.6226 18.491 22.3275 27.2092 33.0967 39.7807 46.8346 53.5873 59.099 62.0589 62.9648 62.0589 59.099 53.5873 46.8346 39.7807 33.0967 27.2092 22.3275 18.491 15.6226 13.5782 12.1877 11.2845 10.724 10.3917 10.2034 10.1013 10.0484 10.0222 10.0098 10.0041 10.0016 10.0006 10 
10 10.0003 10.0008 10.0021 10.0053 10.0125 10.0283 10.0617 10.1289 10.2583 10.4969 10.9176 11.6269 12.7703 14.5327 17.13 20.7891 25.7146 32.0426 39.7807 48.7338 58.4233 68.0506 76.4839 79.5535 80.3529 79.5535 76.4839 68.0506 58.4233 48.7338 39.7807 32.0426 25.7146 20.7891 17.13 14.5327 12.7703 11.6269 10.9176 10.4969 10.2583 10.1289 10.0617 10.0283 10.0125 10.0053 10.0021 10.0007 10 
10 10.0003 10.001 10.0026 10.0065 10.0153 10.0346 10.0752 10.1568 10.314 10.6034 11.1133 11.9728 13.3588 15.4979 18.6577 23.1276 29.1856 37.0532 46.8346 58.4233 71.3442 84.7235 100 100 100 100 100 84.7235 71.3442 58.4233 46.8346 37.0532 29.1856 23.1276 18.6577 15.4979 13.3588 11.9728 11.1133 10.6034 10.314 10.1568 10.0752 10.0346 10.0153 10.0065 10.0026 10.0009 10 
10 10.0004 10.0012 10.0031 10.0076 10.0179 10.0404 10.0877 10.1826 10.3653 10.7014 11.2932 12.2907 13.8997 16.385 20.0633 25.2849 32.4048 41.7502 53.5873 68.0506 84.7235 100 100 100 100 100 100 100 84.7235 68.0506 53.5873 41.7502 32.4048 25.2849 20.0633 16.385 13.8997 12.2907 11.2932 10.7014 10.3653 10.1826 10.0877 10.0404 10.0179 10.0076 10.003 10.001 10 
10 10.0004 10.0013 10.0035 10.0085 10.02 10.0451 10.0978 10.2036 10.4069 10.7807 11.4388 12.5476 14.3365 17.1009 21.1967 27.0222 34.994 45.5312 59.099 76.4839 100 100 100 100 100 100 100 100 100 76.4839 59.099 45.5312 34.994 27.0222 21.1967 17.1009 14.3365 12.5476 11.4388 10.7807 10.4069 10.2036 10.0978 10.0451 10.02 10.0085 10.0034 10.0012 10 
10 10.0005 10.0014 10.0037 10.0091 10.0213 10.0482 10.1044 10.2172 10.434 10.8324 11.5336 12.7149 14.6204 17.5654 21.9296 28.1378 36.6292 47.8194 62.0589 79.5535 100 100 100 100 100 100 100 100 100 79.5535 62.0589 47.8194 36.6292 28.1378 21.9296 17.5654 14.6204 12.7149 11.5336 10.8324 10.434 10.2172 10.1044 10.0482 10.0213 10.009 10.0036 10.0013 10 
10 10.0005 10.0015 10.0038 10.0093 10.0218 10.0492 10.1067 10.222 10.4434 10.8504 11.5666 12.7729 14.7188 17.7262 22.1826 28.5205 37.1827 48.5706 62.9648 80.3529 100 100 100 100 100 100 100 100 100 80.3529 62.9648 48.5706 37.1827 28.5205 22.1826 17.7262 14.7188 12.7729 11.5666 10.8504 10.4434 10.222 10.1067 10.0492 10.0218 10.0093 10.0037 10.0013 10 
10 10.0005 10.0014 10.0037 10.0091 10.0213 10.0482 10.1044 10.2172 10.434 10.8324 11.5336 12.7149 14.6204 17.5654 21.9296 28.1378 36.6292 47.8194 62.0589 79.5535 100 100 100 100 100 100 100 100 100 79.5535 62.0589 47.8194 36.6292 28.1378 21.9296 17.5654 14.6204 12.7149 11.5336 10.8324 10.434 10.2172 10.1044 10.0482 10.0213 10.009 10.0036 10.0013 10 
10 10.0004 10.0013 10.0035 10.0085 10.02 10.0451 10.0978 10.2036 10.4069 10.7807 11.4388 12.5476 14.3365 17.1009 21.1967 27.0222 34.994 45.5312 59.099 76.4839 100 100 100 100 100 100 100 100 100 76.4839 59.099 45.5312 34.994 27.0222 21.1967 17.1009 14.3365 12.5476 11.4388 10.7807 10.4069 10.2036 10.0978 10.0451 10.02 10.0085 10.0034 10.0012 10 
10 10.0004 10.0012 10.0031 10.0076 10.0179 10.0404 10.0877 10.1826 10.3653 10.7014 11.2932 12.2907 13.8997 16.385 20.0633 25.2849 32.4048 41.7502 53.5873 68.0506 84.7235 100 100 100 100 100 100 100 84.7235 68.0506 53.5873 41.7502 32.4048 25.2849 20.0633 16.385 13.8997 12.2907 11.2932 10.7014 10.3653 10.1826 10.0877 10.0404 10.0179 10.0076 10.003 10.001 10 
10 10.0003 10.001 10.0026 10.0065 10.0153 10.0346 10.0752 10.1568 10.314 10.6034 11.1133 11.9728 13.3588 15.4979 18.6577 23.1276 29.1856 37.0532 46.8346 58.4233 71.3442 84.7235 100 100 100 100 100 84.7235 71.3442 58.4233 46.8346 37.0532 29.1856 23.1276 18.6577 15.4979 13.3588 11.9728 11.1133 10.6034 10.314 10.1568 10.0752 10.0346 10.0153 10.0065 10.0026 10.0009 10 
10 10.0003 10.0008 10.0021 10.0053 10.0125 10.0283 10.0617 10.1289 10.2583 10.4969 10.9176 11.6269 12.7703 14.5327 17.13 20.7891 25.7146 32.0426 39.7807 48.7338 58.4233 68.0506 76.4839 79.5535 80.3529 79.5535 76.4839 68.0506 58.4233 48.7338 39.7807 32.0426 25.7146 20.7891 17.13 14.5327 12.7703 11.6269 10.9176 10.4969 10.2583 10.1289 10.0617 10.0283 10.0125 10.0053 10.0021 10.0007 10 
10 10.0002 10.0006 10.0017 10.0041 10.0098 10.0222 10.0484 10.1013 10.2034 10.3917 10.724 11.2845 12.1877 13.5782 15.6226 18.491 22.3275 27.2092 33.0967 39.7807 46.8346 53.5873 59.099 62.0589 62.9648 62.0589 59.099 53.5873 46.8346 39.7807 33.0967 27.2092 22.3275 18.491 15.6226 13.5782 12.1877 11.2845 10.724 10.3917 10.2034 10.1013 10.0484 10.0222 10.0098 10.0041 10.0016 10.0006 10 
10 10.0002 10.0005 10.0012 10.0031 10.0073 10.0166 10.0363 10.0762 10.1532 10.2955 10.5468 10.9708 11.6542 12.7051 14.2471 16.4028 19.2704 22.8905 27.2092 32.0426 37.0532 41.7502 45.5312 47.8194 48.5706 47.8194 45.5312 41.7502 37.0532 32.0426 27.2092 22.8905 19.2704 16.4028 14.2471 12.7051 11.6542 10.9708 10.5468 10.2955 10.1532 10.0762 10.0363 10.0166 10.0073 10.0031 10.0012 10.0004 10 
10 10.0001 10.0003 10.0009 10.0022 10.0052 10.0119 10.0261 10.0548 10.1103 10.2132 10.3952 10.7024 11.1976 11.9588 13.0737 14.6282 16.687 19.2704 22.3275 25.7146 29.1856 32.4048 34.994 36.6292 37.1827 36.6292 34.994 32.4048 29.1856 25.7146 22.3275 19.2704 16.687 14.6282 13.0737 11.9588 11.1976 10.7024 10.3952 10.2132 10.1103 10.0548 10.0261 10.0119 10.0052 10.0022 10.0009 10.0003 10 
10 10.0001 10.0002 10.0006 10.0015 10.0035 10.0081 10.0179 10.0376 10.076 10.1472 10.2733 10.4865 10.8302 11.3586 12.1318 13.2076 14.6282 16.4028 18.491 20.7891 23.1276 25.2849 27.0222 28.1378 28.5205 28.1378 27.0222 25.2849 23.1276 20.7891 18.491 16.4028 14.6282 13.2076 12.1318 11.3586 10.8302 10.4865 10.2733 10.1472 10.076 10.0376 10.0179 10.0081 10.0035 10.0015 10.0006 10.0002 10 
10 10 10.0001 10.0004 10.001 10.0023 10.0053 10.0117 10.0247 10.0501 10.0972 10.1809 10.3225 10.5511 10.9027 11.4169 12.1318 13.0737 14.2471 15.6226 17.13 18.6577 20.0633 21.1967 21.9296 22.1826 21.9296 21.1967 20.0633 18.6577 17.13 15.6226 14.2471 13.0737 12.1318 11.4169 10.9027 10.5511 10.3225 10.1809 10.0972 10.0501 10.0247 10.0117 10.0053 10.0023 10.001 10.0004 10.0001 10 
10 10 10.0001 10.0002 10.0006 10.0014 10.0033 10.0073 10.0155 10.0316 10.0614 10.1145 10.2047 10.3503 10.5746 10.9027 11.3586 11.9588 12.7051 13.5782 14.5327 15.4979 16.385 17.1009 17.5654 17.7262 17.5654 17.1009 16.385 15.4979 14.5327 13.5782 12.7051 11.9588 11.3586 10.9027 10.5746 10.3503 10.2047 10.1145 10.0614 10.0316 10.0155 10.0073 10.0033 10.0014 10.0006 10.0002 10.0001 10 
10 10 10.0001 10.0001 10.0004 10.0009 10.002 10.0044 10.0093 10.019 10.0371 10.0694 10.1243 10.2133 10.3503 10.5511 10.8302 11.1976 11.6542 12.1877 12.7703 13.3588 13.8997 14.3365 14.6204 14.7188 14.6204 14.3365 13.8997 13.3588 12.7703 12.1877 11.6542 11.1976 10.8302 10.5511 10.3503 10.2133 10.1243 10.0694 10.0371 10.019 10.0093 10.0044 10.002 10.0009 10.0004 10.0001 10 10 
10 10 10 10.0001 10.0002 10.0005 10.0011 10.0025 10.0054 10.011 10.0215 10.0403 10.0723 10.1243 10.2047 10.3225 10.4865 10.7024 10.9708 11.2845 11.6269 11.9728 12.2907 12.5476 12.7149 12.7729 12.7149 12.5476 12.2907 11.9728 11.6269 11.2845 10.9708 10.7024 10.4865 10.3225 10.2047 10.1243 10.0723 10.0403 10.0215 10.011 10.0054 10.0025 10.0011 10.0005 10.0002 10.0001 10 10 
10 10 10 10 10.0001 10.0003 10.0006 10.0014 10.0029 10.006 10.0119 10.0223 10.0403 10.0694 10.1145 10.1809 10.2733 10.3952 10.5468 10.724 10.9176 11.1133 11.2932 11.4388 11.5336 11.5666 11.5336 11.4388 11.2932 11.1133 10.9176 10.724 10.5468 10.3952 10.2733 10.1809 10.1145 10.0694 10.0403 10.0223 10.0119 10.006 10.0029 10.0014 10.0006 10.0003 10.0001 10 10 10 
10 10 10 10 10.0001 10.0001 10.0003 10.0007 10.0015 10.0032 10.0063 10.0119 10.0215 10.0371 10.0614 10.0972 10.1472 10.2132 10.2955 10.3917 10.4969 10.6034 10.7014 10.7807 10.8324 10.8504 10.8324 10.7807 10.7014 10.6034 10.4969 10.3917 10.2955 10.2132 10.1472 10.0972 10.0614 10.0371 10.0215 10.0119 10.0063 10.0032 10.0015 10.0007 10.0003 10.0001 10.0001 10 10 10 
10 10 10 10 10 10.0001 10.0002 10.0004 10.0008 10.0016 10.0032 10.006 10.011 10.019 10.0316 10.0501 10.076 10.1103 10.1532 10.2034 10.2583 10.314 10.3653 10.4069 10.434 10.4434 10.434 10.4069 10.3653 10.314 10.2583 10.2034 10.1532 10.1103 10.076 10.0501 10.0316 10.019 10.011 10.006 10.0032 10.0016 10.0008 10.0004 10.0002 10.0001 10 10 10 10 
10 10 10 10 10 10 10.0001 10.0002 10.0004 10.0008 10.0015 10.0029 10.0054 10.0093 10.0155 10.0247 10.0376 10.0548 10.0762 10.1013 10.1289 10.1568 10.1826 10.2036 10.2172 10.222 10.2172 10.2036 10.1826 10.1568 10.1289 10.1013 10.0762 10.0548 10.0376 10.0247 10.0155 10.0093 10.0054 10.0029 10.0015 10.0008 10.0004 10.0002 10.0001 10 10 10 10 10 
10 10 10 10 10 10 10 10.0001 10.0002 10.0004 10.0007 10.0014 10.0025 10.0044 10.0073 10.0117 10.0179 10.0261 10.0363 10.0484 10.0617 10.0752 10.0877 10.0978 10.1044 10.1067 10.1044 10.0978 10.0877 10.0752 10.0617 10.0484 10.0363 10.0261 10.0179 10.0117 10.0073 10.0044 10.0025 10.0014 10.0007 10.0004 10.0002 10.0001 10 10 10 10 10 10 
10 10 10 10 10 10 10 10 10.0001 10.0002 10.0003 10.0006 10.0011 10.002 10.0033 10.0053 10.0081 10.0119 10.0166 10.0222 10.0283 10.0346 10.0404 10.0451 10.0482 10.0492 10.0482 10.0451 10.0404 10.0346 10.0283 10.0222 10.0166 10.0119 10.0081 10.0053 10.0033 10.002 10.0011 10.0006 10.0003 10.0002 10.0001 10 10 10 10 10 10 10 
10 10 10 10 10 10 10 10 10 10.0001 10.0001 10.0003 10.0005 10.0009 10.0014 10.0023 10.0035 10.0052 10.0073 10.0098 10.0125 10.0153 10.0179 10.02 10.0213 10.0218 10.0213 10.02 10.0179 10.0153 10.0125 10.0098 10.0073 10.0052 10.0035 10.0023 10.0014 10.0009 10.0005 10.0003 10.0001 10.0001 10 10 10 10 10 10 10 10 
10 10 10 10 10 10 10 10 10 10 10.0001 10.0001 10.0002 10.0004 10.0006 10.001 10.0015 10.0022 10.0031 10.0041 10.0053 10.0065 10.0076 10.0085 10.009 10.0093 10.009 10.0085 10.0076 10.0065 10.0053 10.0041 10.0031 10.0022 10.0015 10.001 10.0006 10.0004 10.0002 10.0001 10.0001 10 10 10 10 10 10 10 10 10 
10 10 10 10 10 10 10 10 10 10 10 10 10.0001 10.0001 10.0002 10.0004 10.0006 10.0009 10.0012 10.0016 10.0021 10.0026 10.003 10.0034 10.0036 10.0037 10.0036 10.0034 10.003 10.0026 10.0021 10.0016 10.0012 10.0009 10.0006 10.0004 10.0002 10.0001 10.0001 10 10 10 10 10 10 10 10 10 10 10 
10 10 10 10 10 10 10 10 10 10 10 10 10 10 10.0001 10.0001 10.0002 10.0003 10.0004 10.0006 10.0007 10.0009 10.001 10.0012 10.0013 10.0013 10.0013 10.0012 10.001 10.0009 10.0007 10.0006 10.0004 10.0003 10.0002 10.0001 10.0001 10 10 10 10 10 10 10 10 10 10 10 10 10 
10 10 10 10 10 10 10 10 10 10 10 10 10 10 10 10 10 10 10 10 10 10 10 10 10 10 10 10 10 10 10 10 10 10 10 10 10 10 10 10 10 10 10 10 10 10 10 10 10 10 
10 10 10 10 10 10 10 10 10 10 10 10 10 10 10 10 10 10 10 10 10 10 10 10 10 10 10 10 10 10 10 10 10 10 10 10 10 10 10 10 10 10 10 10 10 10 10 10 10 10 
10 10 10.0001 10.0002 10.0003 10.0005 10.0007 10.0011 10.0017 10.0025 10.0037 10.0051 10.0071 10.0095 10.0124 10.0159 10.0199 10.0243 10.029 10.0338 10.0385 10.0428 10.0464 10.0493 10.051 10.0516 10.051 10.0493 10.0464 10.0428 10.0385 10.0338 10.029 10.0243 10.0199 10.0159 10.0124 10.0095 10.0071 10.0051 10.0037 10.0025 10.0017 10.0011 10.0007 10.0005 10.0003 10.0002 10.0001 10 
10 10.0001 10.0002 10.0004 10.0007 10.0011 10.0017 10.0026 10.0039 10.0058 10.0083 10.0116 10.016 10.0214 10.0281 10.0359 10.045 10.0549 10.0655 10.0764 10.0869 10.0967 10.105 10.1114 10.1154 10.1167 10.1154 10.1114 10.105 10.0967 10.0869 10.0764 10.0655 10.0549 10.045 10.0359 10.0281 10.0214 10.016 10.0116 10.0083 10.0058 10.0039 10.0026 10.0017 10.0011 10.0006 10.0004 10.0002 10 
10 10.0002 10.0004 10.0007 10.0012 10.0019 10.003 10.0047 10.0071 10.0104 10.015 10.021 10.0289 10.0387 10.0507 10.0649 10.0812 10.0992 10.1184 10.138 10.1571 10.1747 10.1897 10.2012 10.2085 10.2109 10.2085 10.2012 10.1897 10.1747 10.1571 10.138 10.1184 10.0992 10.0812 10.0649 10.0507 10.0387 10.0289 10.021 10.015 10.0104 10.0071 10.0047 10.003 10.0019 10.0012 10.0006 10.0003 10 
10 10.0003 10.0007 10.0012 10.002 10.0032 10.0051 10.0079 10.0119 10.0175 10.0252 10.0353 10.0485 10.065 10.0852 10.109 10.1363 10.1665 10.1987 10.2317 10.2638 10.2933 10.3186 10.338 10.3502 10.3543 10.3502 10.338 10.3186 10.2933 10.2638 10.2317 10.1987 10.1665 10.1363 10.109 10.0852 10.065 10.0485 10.0353 10.0251 10.0175 10.0119 10.0079 10.0051 10.0032 10.0019 10.0011 10.0005 10 
10 10.0005 10.0011 10.0019 10.0032 10.0053 10.0083 10.0128 10.0193 10.0283 10.0407 10.0571 10.0784 10.1051 10.1378 10.1763 10.2205 10.2695 10.3216 10.375 10.427 10.4749 10.5159 10.5474 10.5672 10.5739 10.5672 10.5474 10.5159 10.4749 10.427 10.375 10.3216 10.2695 10.2205 10.1763 10.1378 10.1051 10.0784 10.0571 10.0407 10.0283 10.0193 10.0128 10.0083 10.0052 10.0032 10.0018 10.0008 10 
10 10.0007 10.0017 10.003 10.0051 10.0083 10.0131 10.0202 10.0304 10.0446 10.0641 10.09 10.1235 10.1656 10.2169 10.2778 10.3475 10.4247 10.507 10.5913 10.6736 10.7494 10.8143 10.864 10.8954 10.9061 10.8954 10.864 10.8143 10.7494 10.6736 10.5913 10.507 10.4247 10.3475 10.2778 10.2169 10.1656 10.1235 10.09 10.0641 10.0446 10.0303 10.0202 10.0131 10.0082 10.005 10.0028 10.0013 10 
10 10.0011 10.0026 10.0047 10.0079 10.0128 10.0202 10.0311 10.0467 10.0686 10.0986 10.1384 10.1899 10.2547 10.3338 10.4275 10.535 10.6542 10.7814 10.9117 11.039 11.1564 11.2569 11.334 11.3826 11.3992 11.3826 11.334 11.2569 11.1564 11.039 10.9117 10.7814 10.6542 10.535 10.4275 10.3338 10.2547 10.1899 10.1384 10.0986 10.0686 10.0467 10.031 10.0201 10.0127 10.0077 10.0043 10.0019 10 
10 10.0017 10.0039 10.0071 10.0119 10.0193 10.0304 10.0467 10.0702 10.1031 10.1481 10.208 10.2855 10.3831 10.5023 10.6437 10.806 10.9861 11.1786 11.376 11.5691 11.7473 11.9 12.0172 12.0911 12.1163 12.0911 12.0172 11.9 11.7473 11.5691 11.376 11.1786 10.9861 10.806 10.6437 10.5023 10.3831 10.2855 10.208 10.1481 10.1031 10.0702 10.0466 10.0303 10.0191 10.0116 10.0065 10.0029 10 
10 10.0025 10.0058 10.0104 10.0175 10.0283 10.0446 10.0686 10.1031 10.1515 10.2177 10.3058 10.4199 10.5636 10.7395 10.9483 11.1884 11.4551 11.7407 12.034 12.3212 12.5867 12.8143 12.9893 13.0996 13.1373 13.0996 12.9893 12.8143 12.5867 12.3212 12.034 11.7407 11.4551 11.1884 10.9483 10.7395 10.5636 10.4199 10.3058 10.2177 10.1515 10.1031 10.0685 10.0445 10.0281 10.017 10.0096 10.0043 10 
10 10.0037 10.0083 10.015 10.0252 10.0407 10.0641 10.0986 10.1481 10.2177 10.3129 10.4396 10.604 10.8113 11.0653 11.3674 11.7153 12.1026 12.5181 12.9456 13.365 13.7532 14.0867 14.3432 14.505 14.5603 14.505 14.3432 14.0867 13.7532 13.365 12.9456 12.5181 12.1026 11.7153 11.3674 11.0653 10.8113 10.604 10.4396 10.3129 10.2177 10.1481 10.0985 10.0639 10.0403 10.0245 10.0138 10.0062 10 
10 10.0051 10.0116 10.021 10.0353 10.0571 10.09 10.1384 10.208 10.3058 10.4396 10.6181 10.8498 11.1425 11.5017 11.9298 12.424 12.9754 13.5684 14.1801 14.7815 15.3396 15.8197 16.1895 16.4229 16.5027 16.4229 16.1895 15.8197 15.3396 14.7815 14.1801 13.5684 12.9754 12.424 11.9298 11.5017 11.1425 10.8498 10.6181 10.4396 10.3058 10.208 10.1382 10.0897 10.0566 10.0344 10.0193 10.0086 10 
10 10.0071 10.016 10.0289 10.0485 10.0784 10.1235 10.1899 10.2855 10.4199 10.604 10.8498 11.1694 11.5739 12.0715 12.6658 13.3538 14.1239 14.9545 15.8142 16.6621 17.4509 18.131 18.6559 18.9874 19.1007 18.9874 18.6559 18.131 17.4509 16.6621 15.8142 14.9545 14.1239 13.3538 12.6658 12.0715 11.5739 11.1694 10.8498 10.604 10.4199 10.2854 10.1897 10.1231 10.0777 10.0472 10.0265 10.0119 10 
10 10.0095 10.0214 10.0387 10.065 10.1051 10.1656 10.2547 10.3831 10.5636 10.8113 11.1425 11.5739 12.1211 12.7959 13.6044 14.5435 15.5985 16.7411 17.9284 19.1041 20.202 21.1513 21.8852 22.3492 22.508 22.3492 21.8852 21.1513 20.202 19.1041 17.9284 16.7411 15.5985 14.5435 13.6044 12.7959 12.121 11.5739 11.1425 10.8113 10.5636 10.3829 10.2544 10.1651 10.1042 10.0633 10.0356 10.0159 10 
10 10.0124 10.0281 10.0507 10.0852 10.1378 10.2169 10.3338 10.5023 10.7395 11.0653 11.5017 12.0715 12.7959 13.6922 14.7697 16.0265 17.4449 18.9887 20.6015 22.2069 23.7129 25.0202 26.0332 26.6742 26.8934 26.6742 26.0332 25.0202 23.7129 22.2069 20.6015 18.9887 17.4449 16.0265 14.7697 13.6922 12.7959 12.0715 11.5017 11.0653 10.7394 10.5021 10.3335 10.2163 10.1365 10.0829 10.0466 10.0209 10 
10 10.0159 10.0359 10.0649 10.109 10.1763 10.2778 10.4275 10.6437 10.9483 11.3674 11.9298 12.6658 13.6044 14.7697 16.1767 17.8257 19.6972 21.7471 23.9029 26.0636 28.1035 29.8829 31.2656 32.1402 32.4391 32.1402 31.2656 29.8829 28.1035 26.0636 23.9029 21.7471 19.6972 17.8257 16.1767 14.7697 13.6044 12.6658 11.9298 11.3673 10.9482 10.6434 10.4271 10.2769 10.1748 10.1061 10.0597 10.0267 10 
10 10.0199 10.045 10.0812 10.1363 10.2205 10.3475 10.535 10.806 11.1884 11.7153 12.424 13.3538 14.5435 16.0265 17.8257 19.9466 22.3701 25.0453 27.883 30.7529 33.4859 35.8863 37.7567 38.9362 39.3378 38.9362 37.7567 35.8863 33.4859 30.7529 27.883 25.0453 22.3701 19.9466 17.8257 16.0265 14.5435 13.3538 12.4239 11.7152 11.1882 10.8057 10.5345 10.3464 10.2185 10.1327 10.0746 10.0334 10 
10 10.0243 10.0549 10.0992 10.1665 10.2695 10.4247 10.6542 10.9861 11.4551 12.1026 12.9754 14.1239 15.5985 17.4449 19.6972 22.3701 25.4491 28.8804 32.5601 36.3263 39.9564 43.1768 45.6941 47.263 47.7917 47.263 45.6941 43.1768 39.9564 36.3263 32.5601 28.8804 25.4491 22.3701 19.6972 17.4449 15.5985 14.1239 12.9754 12.1025 11.455 10.9857 10.6535 10.4234 10.267 10.1621 10.0911 10.0408 10 
10 10.029 10.0655 10.1184 10.1987 10.3216 10.507 10.7814 11.1786 11.7407 12.5181 13.5684 14.9545 16.7411 18.9887 21.7471 25.0453 28.8804 33.2035 37.9038 42.7914 47.5836 51.9025 55.2968 57.3369 58.0058 57.3369 55.2968 51.9025 47.5836 42.7914 37.9038 33.2035 28.8804 25.0453 21.7471 18.9887 16.7411 14.9545 13.5683 12.518 11.7405 11.1782 10.7806 10.5055 10.3187 10.1934 10.1088 10.0486 10 
10 10.0338 10.0764 10.138 10.2317 10.375 10.5913 10.9117 11.376 12.034 12.9456 14.1801 15.8142 17.9284 20.6015 23.9029 27.883 32.5601 37.9038 43.8125 50.0845 56.3847 62.2162 66.8838 69.391 70.1601 69.391 66.8838 62.2162 56.3847 50.0845 43.8125 37.9038 32.5601 27.883 23.9029 20.6015 17.9284 15.8141 14.18 12.9455 12.0338 11.3755 10.9108 10.5895 10.3716 10.2254 10.1268 10.0567 10 
10 10.0385 10.0869 10.1571 10.2638 10.427 10.6736 11.039 11.5691 12.3212 13.365 14.7815 16.6621 19.1041 22.2069 26.0636 30.7529 36.3263 42.7914 50.0845 58.0281 66.27 74.2411 81.1197 83.6399 84.2996 83.6399 81.1197 74.2411 66.27 58.0281 50.0845 42.7914 36.3263 30.7529 26.0636 22.2069 19.1041 16.662 14.7815 13.3648 12.3209 11.5685 11.0379 10.6715 10.4231 10.2567 10.1443 10.0645 10 
10 10.0428 10.0967 10.1747 10.2933 10.4749 10.7494 11.1564 11.7473 12.5867 13.7532 15.3396 17.4509 20.202 23.7129 28.1035 33.4859 39.9564 47.5836 56.3847 66.27 76.9203 87.7438 100 100 100 100 100 87.7438 76.9203 66.27 56.3847 47.5836 39.9564 33.4859 28.1035 23.7129 20.2019 17.4509 15.3395 13.7531 12.5864 11.7467 11.1552 10.7471 10.4706 10.2854 10.1605 10.0718 10 
10 10.0464 10.105 10.1897 10.3186 10.5159 10.8143 11.2569 11.9 12.8143 14.0867 15.8197 18.131 21.1513 25.0202 29.8829 35.8863 43.1768 51.9025 62.2162 74.2411 87.7438 100 100 100 100 100 100 100 87.7438 74.2411 62.2162 51.9025 43.1768 35.8863 29.8829 25.0202 21.1512 18.131 15.8196 14.0865 12.814 11.8993 11.2556 10.8118 10.5113 10.31 10.1743 10.0779 10 
10 10.0493 10.1114 10.2012 10.338 10.5474 10.864 11.334 12.0172 12.9893 14.3432 16.1895 18.6559 21.8852 26.0332 31.2656 37.7567 45.6941 55.2968 66.8838 81.1197 100 100 100 100 100 100 100 100 100 81.1197 66.8838 55.2968 45.6941 37.7567 31.2656 26.0332 21.8852 18.6558 16.1895 14.3431 12.989 12.0165 11.3327 10.8614 10.5424 10.3289 10.1849 10.0827 10 
10 10.051 10.1154 10.2085 10.3502 10.5672 10.8954 11.3826 12.0911 13.0996 14.505 16.4229 18.9874 22.3492 26.6742 32.1402 38.9362 47.263 57.3369 69.391 83.6399 100 100 100 100 100 100 100 100 100 83.6399 69.391 57.3369 47.263 38.9362 32.1402 26.6742 22.3492 18.9873 16.4228 14.5048 13.0992 12.0904 11.3812 10.8926 10.562 10.3407 10.1915 10.0856 10 
10 10.0516 10.1167 10.2109 10.3543 10.5739 10.9061 11.3992 12.1163 13.1373 14.5603 16.5027 19.1007 22.508 26.8934 32.4391 39.3378 47.7917 58.0058 70.1601 84.2996 100 100 100 100 100 100 100 100 100 84.2996 70.1601 58.0058 47.7917 39.3378 32.4391 26.8934 22.5079 19.1007 16.5026 14.5601 13.1369 12.1156 11.3977 10.9033 10.5687 10.3448 10.1938 10.0866 10 
10 10.051 10.1154 10.2085 10.3502 10.5672 10.8954 11.3826 12.0911 13.0996 14.505 16.4229 18.9874 22.3492 26.6742 32.1402 38.9362 47.263 57.3369 69.391 83.6399 100 100 100 100 100 100 100 100 100 83.6399 69.391 57.3369 47.263 38.9362 32.1402 26.6742 22.3492 18.9873 16.4228 14.5048 13.0992 12.0904 11.3812 10.8926 10.562 10.3407 10.1915 10.0856 10 
10 10.0493 10.1114 10.2012 10.338 10.5474 10.864 11.334 12.0172 12.9893 14.3432 16.1895 18.6559 21.8852 26.0332 31.2656 37.7567 45.6941 55.2968 66.8838 81.1197 100 100 100 100 100 100 100 100 100 81.1197 66.8838 55.2968 45.6941 37.7567 31.2656 26.0332 21.8852 18.6558 16.1895 14.3431 12.989 12.0165 11.3327 10.8614 10.5424 10.3289 10.1849 10.0827 10 
10 10.0464 10.105 10.1897 10.3186 10.5159 10.8143 11.2569 11.9 12.8143 14.0867 15.8197 18.131 21.1513 25.0202 29.8829 35.8863 43.1768 51.9025 62.2162 74.2411 87.7438 100 100 100 100 100 100 100 87.7438 74.2411 62.2162 51.9025 43.1768 35.8863 29.8829 25.0202 21.1512 18.131 15.8196 14.0865 12.814 11.8993 11.2556 10.8118 10.5113 10.31 10.1743 10.0779 10 
10 10.0428 10.0967 10.1747 10.2933 10.4749 10.7494 11.1564 11.7473 12.5867 13.7532 15.3396 17.4509 20.202 23.7129 28.1035 33.4859 39.9564 47.5836 56.3847 66.27 76.9203 87.7438 100 100 100 100 100 87.7438 76.9203 66.27 56.3847 47.5836 39.9564 33.4859 28.1035 23.7129 20.2019 17.4509 15.3395 13.7531 12.5864 11.7467 11.1552 10.7471 10.4706 10.2854 10.1605 10.0718 10 
10 10.0385 10.0869 10.1571 10.2638 10.427 10.6736 11.039 11.5691 12.3212 13.365 14.7815 16.6621 19.1041 22.2069 26.0636 30.7529 36.3263 42.7914 50.0845 58.0281 66.27 74.2411 81.1197 83.6399 84.2996 83.6399 81.1197 74.2411 66.27 58.0281 50.0845 42.7914 36.3263 30.7529 26.0636 22.2069 19.1041 16.662 14.7815 13.3648 12.3209 11.5685 11.0379 10.6715 10.4231 10.2567 10.1443 10.0645 10 
10 10.0338 10.0764 10.138 10.2317 10.375 10.5913 10.9117 11.376 12.034 12.9456 14.1801 15.8142 17.9284 20.6015 23.9029 27.883 32.5601 37.9038 43.8125 50.0845 56.3847 62.2162 66.8838 69.391 70.1601 69.391 66.8838 62.2162 56.3847 50.0845 43.8125 37.9038 32.5601 27.883 23.9029 20.6015 17.9284 15.8141 14.18 12.9455 12.0338 11.3755 10.9108 10.5895 10.3716 10.2254 10.1268 10.0567 10 
10 10.029 10.0655 10.1184 10.1987 10.3216 10.507 10.7814 11.1786 11.7407 12.5181 13.5684 14.9545 16.7411 18.9887 21.7471 25.0453 28.8804 33.2035 37.9038 42.7914 47.5836 51.9025 55.2968 57.3369 58.0058 57.3369 55.2968 51.9025 47.5836 42.7914 37.9038 33.2035 28.8804 25.0453 21.7471 18.9887 16.7411 14.9545 13.5683 12.518 11.7405 11.1782 10.7806 10.5055 10.3187 10.1934 10.1088 10.0486 10 
10 10.0243 10.0549 10.0992 10.1665 10.2695 10.4247 10.6542 10.9861 11.4551 12.1026 12.9754 14.1239 15.5985 17.4449 19.6972 22.3701 25.4491 28.8804 32.5601 36.3263 39.9564 43.1768 45.6941 47.263 47.7917 47.263 45.6941 43.1768 39.9564 36.3263 32.5601 28.8804 25.4491 22.3701 19.6972 17.4449 15.5985 14.1238 12.9754 12.1025 11.455 10.9857 10.6535 10.4234 10.267 10.1621 10.0911 10.0408 10 
10 10.0199 10.045 10.0812 10.1363 10.2205 10.3475 10.535 10.806 11.1884 11.7153 12.424 13.3538 14.5435 16.0265 17.8257 19.9466 22.3701 25.0453 27.883 30.7529 33.4859 35.8863 37.7567 38.9362 39.3378 38.9362 37.7567 35.8863 33.4859 30.7529 27.883 25.0453 22.3701 19.9466 17.8257 16.0265 14.5435 13.3538 12.4239 11.7152 11.1882 10.8057 10.5345 10.3464 10.2185 10.1327 10.0746 10.0334 10 
10 10.0159 10.0359 10.0649 10.109 10.1763 10.2778 10.4275 10.6437 10.9483 11.3674 11.9298 12.6658 13.6044 14.7697 16.1767 17.8257 19.6972 21.7471 23.9029 26.0636 28.1035 29.8829 31.2656 32.1402 32.4391 32.1402 31.2656 29.8829 28.1035 26.0636 23.9029 21.7471 19.6972 17.8257 16.1767 14.7697 13.6044 12.6658 11.9298 11.3673 10.9482 10.6434 10.4271 10.2769 10.1748 10.1061 10.0597 10.0267 10 
10 10.0124 10.0281 10.0507 10.0852 10.1378 10.2169 10.3338 10.5023 10.7395 11.0653 11.5017 12.0715 12.7959 13.6922 14.7697 16.0265 17.4449 18.9887 20.6015 22.2069 23.7129 25.0202 26.0332 26.6742 26.8934 26.6742 26.0332 25.0202 23.7129 22.2069 20.6015 18.9887 17.4449 16.0265 14.7697 13.6922 12.7959 12.0715 11.5017 11.0653 10.7394 10.5021 10.3335 10.2163 10.1365 10.0829 10.0466 10.0209 10 
10 10.0095 10.0214 10.0387 10.065 10.1051 10.1656 10.2547 10.3831 10.5636 10.8113 11.1425 11.5739 12.121 12.7959 13.6044 14.5435 15.5985 16.7411 17.9284 19.1041 20.2019 21.1512 21.8852 22.3492 22.5079 22.3492 21.8852 21.1512 20.2019 19.1041 17.9284 16.7411 15.5985 14.5435 13.6044 12.7959 12.121 11.5739 11.1425 10.8113 10.5636 10.3829 10.2544 10.1651 10.1042 10.0633 10.0356 10.0159 10 
10 10.0071 10.016 10.0289 10.0485 10.0784 10.1235 10.1899 10.2855 10.4199 10.604 10.8498 11.1694 11.5739 12.0715 12.6658 13.3538 14.1239 14.9545 15.8141 16.662 17.4509 18.131 18.6558 18.9873 19.1007 18.9873 18.6558 18.131 17.4509 16.662 15.8141 14.9545 14.1238 13.3538 12.6658 12.0715 11.5739 11.1694 10.8498 10.604 10.4199 10.2854 10.1897 10.1231 10.0777 10.0472 10.0265 10.0119 10 
10 10.0051 10.0116 10.021 10.0353 10.0571 10.09 10.1384 10.208 10.3058 10.4396 10.6181 10.8498 11.1425 11.5017 11.9298 12.4239 12.9754 13.5683 14.18 14.7815 15.3395 15.8196 16.1895 16.4228 16.5026 16.4228 16.1895 15.8196 15.3395 14.7815 14.18 13.5683 12.9754 12.4239 11.9298 11.5017 11.1425 10.8498 10.6181 10.4396 10.3058 10.208 10.1382 10.0897 10.0566 10.0344 10.0193 10.0086 10 
